2024100709300010192
2024100709450014192
2024100709520048192
2024100709150048192
2024100709560084194
2024100709330084194
2024100709110084194
2024100709440120194
2024100709420215196
2024100709100215196
2024100709310253197
2024100709150267197
2024100709110267197
2024100709210325100
2024100709110325100
2024100709400386104
2024100709450398205
2024100709290398205
2024100709280398205
2024100709090398205
2024100709060398205
2024100709540405205
2024100709090417206
2024100709400421002
2024100710030421003
2024100709350421008
2024100709050421151
2024100709310421160
2024100709270421160
2024100709110421160
2024100709220421162
2024100709330421167
2024100709200421167
2024100709090421167
2024100709070421167
2024100709060421167
2024100709060421186
2024100709290421188
2024100709520429106
2024100709130446107
2024100709210452107
2024100710020453107
2024100709420455107
2024100709410455107
2024100709410463107
2024100709430466207
2024100709430471207
2024100709390491108
2024100709350499108
2024100709260500108
2024100709150519108
2024100709230523001
2024100709440537110
2024100709190559111
2024100709240561111
2024100709530565111
2024100709280565111
2024100709270565111
2024100709500581112
2024100709050599212
2024100709110610113
2024100709330621113
2024100709280621113
2024100709100633114
2024100709130642114
2024100709120642114
2024100709230651114
2024100709190651114
2024100709490652114
2024100709390659115
2024100709320664115
2024100709240666215
2024100709550667215
2024100709350667215
2024100709360671115
2024100709330682115
2024100709240684115
2024100709120684115
2024100709150685115
2024100709100685115
2024100709090685115
2024100709320686115
2024100709410690215
2024100709410690215
2024100709470693115
2024100709260695115
2024100709220695115
2024100709330696115
2024100709400708116
2024100709510718116
2024100709420718116
2024100709070718116
2024100709130720216
2024100709130720216
2024100709420724117
2024100709350724117
2024100709260728117
2024100709210728117
2024100709380739117
2024100709310739117
2024100709270745118
2024100709560750118
2024100709260770119
2024100709160775120
2024100709260779222
2024100709372024002
202410070907630909
202410070958D052121
202410070928D052121
202410070907D055122
202410070952D056122
202410070949D057223
202410070932D202409006
202410070948D202409009
