2024101018190080194
2024101018360215196
2024101019040405205
2024101018370421003
2024101018350421003
2024101018320421004
2024101018310421004
2024101018500421029
2024101018330421135
2024101019000421160
2024101018480421160
2024101018480421160
2024101018470421160
2024101018370421160
2024101018310421160
2024101018410421162
2024101018370421162
2024101018130421162
2024101018060421162
2024101019030421163
2024101018250421169
2024101018350421175
2024101019040421188
2024101019010421188
2024101019020421193
2024101018210421193
2024101018160421193
2024101018060421193
2024101018070435106
2024101018150453107
2024101018150455107
2024101018470495108
2024101018390495108
2024101018410523001
2024101018070537110
2024101018580561111
2024101018550561111
2024101018220565111
2024101018080578112
2024101019030610113
2024101018460610113
2024101018260610113
2024101018380633114
2024101018590664115
2024101018330674115
2024101018390707116
2024101018320707116
2024101018210722116
2024101018170722116
2024101018180776221
2024101018070779222
2024101018102024005
202410101838630910
202410101813D052121
202410101807D055122
202410101809D202409005
202410101813D202409006
