2024101712420014192
2024101712300084194
2024101712420096194
2024101712200120194
2024101712340149195
2024101712470191196
2024101712390191196
2024101712460215196
2024101712450215196
2024101712440215196
2024101712380267197
2024101713030314197
2024101712380314197
2024101712430325100
2024101712210421160
2024101712160421160
2024101713030421162
2024101713020421162
2024101713010421166
2024101712590421167
2024101712390431106
2024101712300431106
2024101712530432106
2024101712550435106
2024101712520435106
2024101712540446107
2024101712500453107
2024101712450455107
2024101712380459107
2024101712510463107
2024101712480463107
2024101712450463107
2024101712400466207
2024101712470478108
2024101712420491108
2024101712330495108
2024101712570496108
2024101712370499108
2024101712310500108
2024101712550519108
2024101712570523001
2024101712380538110
2024101712590552211
2024101712450552211
2024101712430559111
2024101712530563111
2024101712320563111
2024101712460567111
2024101712380570111
2024101713000578112
2024101712430581112
2024101712540594112
2024101712400599212
2024101712300602113
2024101712430610113
2024101713030625113
2024101712470636114
2024101712440636114
2024101712450648214
2024101712480657214
2024101712440657214
2024101712400664115
2024101712400666215
2024101713040671115
2024101712390680115
2024101712250685115
2024101712230685115
2024101712500690215
2024101712490690215
2024101712450691215
2024101712280693115
2024101713010695115
2024101712540707116
2024101712520707116
2024101712400709216
2024101712530718116
2024101712590719116
2024101712420722116
2024101712530723217
2024101712400724117
2024101712580734117
2024101712570734117
2024101712400734117
2024101712350734117
2024101712320734117
2024101712420749118
2024101712280749118
2024101713040750118
2024101712490756118
2024101712580763119
2024101712440764119
2024101712510767119
2024101712450775120
2024101712450776221
2024101712410779222
2024101712310780123
2024101712352024003
202410171236D052121
202410171231D052121
202410171246D057223
202410171245D057223
202410171244D057223
202410171233VIP-01
