2024101111380080194
2024101111410215196
2024101111310215196
2024101111160380104
2024101111420421008
2024101111330421008
2024101111310421160
2024101111230421160
2024101111520421166
2024101111500421166
2024101111570421167
2024101111240421167
2024101111220421207
2024101111340455107
2024101111460459107
2024101111290495108
2024101111280519108
2024101111220546111
2024101111170546111
2024101111150565111
2024101111170581112
2024101111080610113
2024101111220621113
2024101111520625113
2024101111350625113
2024101111170636114
2024101111260651114
2024101111420664115
2024101111410664115
2024101111230696115
2024101111440762219
202410111138D052121
202410111121D053121
