2024100409020010192
2024100408370010192
2024100408090010192
2024100408480014192
2024100408560048192
2024100408520215196
2024100408510215196
2024100408430253197
2024100408290253197
2024100408450398205
2024100408330398205
2024100408590421001
2024100408240421001
2024100408200421001
2024100408210421135
2024100409010421160
2024100408110421163
2024100408130421165
2024100408500421166
2024100408470421166
2024100408380421166
2024100408370421166
2024100408220421183
2024100408100421191
2024100408260421195
2024100408310452107
2024100408490463107
2024100408200471207
2024100408330475107
2024100409000499108
2024100408170499108
2024100409000537110
2024100408390578112
2024100408320602113
2024100408290602113
2024100408140610113
2024100408590643114
2024100409020695115
2024100409000695115
2024100408120704116
2024100408110704116
2024100408480732117
2024100408450732117
2024100408440763119
2024100408050763119
2024100408570770119
2024100408100781224
2024100408050781224
2024100408472024003
202410040815630910
202410040817D052121
202410040854D053121
202410040845D055122
