2024101011490048192
2024101011070117194
2024101011070117194
2024101012040124002
2024101011200215196
2024101011510314197
2024101012000351102
2024101011080371204
2024101011190380104
2024101011520400105
2024101011180417206
2024101011500421008
2024101011160421029
2024101012020421059
2024101012000421061
2024101011260421135
2024101012040421162
2024101012030421162
2024101011400421165
2024101011380421165
2024101011290421165
2024101011310421166
2024101011300421166
2024101011290421166
2024101011050421167
2024101011330421188
2024101011410452107
2024101011410453107
2024101011070471207
2024101011540561111
2024101011500561111
2024101012010594112
2024101011240621113
2024101011320636114
2024101012040637114
2024101011560637114
2024101011150637114
2024101011220651114
2024101011350664115
2024101012020667215
2024101011590667215
2024101011060684115
2024101011210696115
2024101011390697115
2024101011300697115
2024101012000722116
2024101011200723217
2024101011510724117
2024101012000727117
2024101011420753118
2024101011210780123
2024101011102024005
202410101136630909
202410101203D053121
202410101138D055122
