2024100317000084194
2024100316060123001
2024100316570191196
2024100317030267197
2024100316530267197
2024100316250267197
2024100316520314197
2024100316590325100
2024100316340380104
2024100316100398205
2024100316080398205
2024100316570400105
2024100316310400105
2024100316220402105
2024100316180402105
2024100316540421004
2024100316050421029
2024100316230421135
2024100316150421160
2024100316140421160
2024100316580421162
2024100316480421162
2024100316450421162
2024100316510421165
2024100316310421165
2024100316300421165
2024100316530421167
2024100316480421167
2024100316460421167
2024100316440421167
2024100316380421167
2024100316340421167
2024100316330421167
2024100317000421193
2024100316330421193
2024100316280421193
2024100316230421193
2024100316260446107
2024100316230463107
2024100316380466207
2024100317010477108
2024100316520499108
2024100316340537110
2024100316180537110
2024100316510541110
2024100316120541110
2024100316570559111
2024100316210566111
2024100316570578112
2024100316580581112
2024100316420581112
2024100316530602113
2024100316190610113
2024100316080610113
2024100316480624113
2024100316470624113
2024100316070624113
2024100316560625113
2024100316200625113
2024100316260659115
2024100316110664115
2024100316490666215
2024100316090671115
2024100316510680115
2024100316090680115
2024100316090680115
2024100316440682115
2024100316560695115
2024100316480704116
2024100316310704116
2024100316380709216
2024100316360720216
2024100316270722116
2024100316140724117
2024100316420750118
2024100316390750118
2024100316050763119
2024100316332024002
202410031704D055122
