2024100312510191196
2024100313040215196
2024100312460253197
2024100312080253197
2024100313020351102
2024100312300402105
2024100312290402105
2024100312110402105
2024100312060416206
2024100312560421160
2024100312530421160
2024100312510421160
2024100312420421160
2024100312120421160
2024100312110421160
2024100312580421162
2024100312440421165
2024100312430421165
2024100312570421167
2024100312150421167
2024100313000421193
2024100313040446107
2024100312390463107
2024100312300475107
2024100312240475107
2024100312540477108
2024100312240491108
2024100312580499108
2024100312300537110
2024100312500559111
2024100312470566111
2024100312260566111
2024100312070566111
2024100312440578112
2024100312270581112
2024100312260581112
2024100312260602113
2024100313030610113
2024100312590614113
2024100313010616113
2024100313030642114
2024100312500642114
2024100312480647114
2024100312050647114
2024100313030682115
2024100312170690215
2024100312190707116
2024100312190707116
2024100312170707116
2024100312150707116
2024100312120707116
2024100312110707116
2024100312320721002
2024100312410722116
2024100312290724117
2024100312170740117
2024100312140740117
2024100312130740117
2024100312130740117
2024100312120740117
2024100312330763119
2024100312170763119
2024100313000768219
2024100312560768219
2024100312550768219
2024100312530768219
2024100312490768219
2024100312580776221
2024100312540776221
2024100312080776221
2024100312342024002
202410031259630910
202410031239630910
202410031234630910
202410031258D053121
202410031228D055122
202410031224D055122
202410031234D057223
202410031232D057223
202410031224D202409007
