2024100318110123001
2024100318220215196
2024100318050253197
2024100318090421029
2024100318080421029
2024100318460421135
2024100318390421160
2024100318140421160
2024100318290421162
2024100318130421183
2024100318510421186
2024100318370421186
2024100318050452107
2024100318170491108
2024100318150491108
2024100318190610113
2024100318050633114
2024100318170659115
2024100318480664115
2024100318400664115
2024100318450671115
2024100318330671115
2024100318550682115
2024100318310695115
2024100318280695115
2024100318170707116
2024100318440722116
2024100319042024003
2024100318112024003
202410031808D052121
202410031843D053121
202410031844D055122
202410031805D202409007
