2024101117040120194
2024101116300215196
2024101116180215196
2024101116280324001
2024101116400421001
2024101116090421001
2024101116250421152
2024101117030421162
2024101116370421162
2024101116550421166
2024101116230421183
2024101116490421193
2024101116410421193
2024101116340421193
2024101116570421195
2024101116380421195
2024101116150495108
2024101116150495108
2024101116050495108
2024101116480523001
2024101116270546111
2024101116380565111
2024101116340565111
2024101117010578112
2024101116360578112
2024101116350578112
2024101116570633114
2024101116320643114
2024101117020671115
2024101116570671115
2024101116540671115
2024101116530671115
2024101116330684115
2024101116500695115
2024101116400776221
2024101116402024003
202410111608630909
202410111655D202409007
