2024101511020048192
2024101510140048192
2024101510480084194
2024101510400117194
2024101510390117194
2024101510330117194
2024101510330117194
2024101510300117194
2024101510300117194
2024101510340253197
2024101510310325100
2024101510340398205
2024101510180398205
2024101510160398205
2024101511040402105
2024101510310416206
2024101510160421008
2024101510460421020
2024101510220421071
2024101510090421125
2024101510510421135
2024101510410421160
2024101510590421166
2024101510580421166
2024101510320421167
2024101510310421167
2024101510260421186
2024101510360421193
2024101510350421193
2024101510130421193
2024101511000432106
2024101510290432106
2024101510170466207
2024101510180471207
2024101510150477108
2024101510050500108
2024101510340546111
2024101510320546111
2024101510310546111
2024101510300546111
2024101510370621113
2024101510310621113
2024101510520624113
2024101510310690215
2024101510300708116
2024101510140723217
2024101510140723217
2024101510430732117
2024101510260734117
2024101510240780123
2024101510072024004
2024101510282024005
