2024100816470024192
2024100816210024192
2024100817020215196
2024100816110314197
2024100816400324001
2024100816080324001
2024100816060324001
2024100816170386104
2024100816120386104
2024100816360398205
2024100816160398205
2024100816330402105
2024100816090405205
2024100816570417206
2024100816270421001
2024100816110421060
2024100817020421160
2024100816360421160
2024100816350421160
2024100816080421160
2024100816050421160
2024100816200421162
2024100816170421162
2024100816290421166
2024100816180421166
2024100816130421166
2024100816120421166
2024100817000421167
2024100816400421167
2024100816280421183
2024100816480421193
2024100816460421193
2024100816400421193
2024100816110453107
2024100817040463107
2024100817000466207
2024100816290466207
2024100816100466207
2024100817040475107
2024100816050477108
2024100816590491108
2024100816440491108
2024100816540519108
2024100816520523001
2024100816420552211
2024100816380552211
2024100816130559111
2024100816580565111
2024100816410565111
2024100816290571111
2024100816520581112
2024100816470599212
2024100816060602113
2024100816530610113
2024100816500619213
2024100816410621113
2024100816390621113
2024100816370621113
2024100816550624113
2024100816200647114
2024100816160648214
2024100817000651114
2024100816350651114
2024100816430653114
2024100816310657214
2024100816470664115
2024100816440664115
2024100816310666215
2024100816190671115
2024100817020690215
2024100816050691215
2024100816570693115
2024100817010704116
2024100816370709216
2024100817040718116
2024100816290723217
2024100816372024001
2024100816582024002
202410081609D056122
