2024100710330010192
2024100711010084194
2024100710560120194
2024100710100149195
2024100710290267197
2024100710140314197
2024100710330385104
2024100710460398205
2024100710340405205
2024100710260405205
2024100710060405205
2024100710470421071
2024100710210421151
2024100710580421160
2024100710360421160
2024100710330421160
2024100710410421162
2024100710380421162
2024100710380421162
2024100710510421165
2024100710270421165
2024100710270421165
2024100710540421166
2024100710520421167
2024100710310446107
2024100710090453107
2024100710350477108
2024100710430500108
2024100710480519108
2024100710180523001
2024100710230538110
2024100710210538110
2024100710150538110
2024100710290552211
2024100710190559111
2024100711040565111
2024100710330565111
2024100710200566111
2024100710070570111
2024100710480621113
2024100710210636114
2024100711020647114
2024100710230666215
2024100710580671115
2024100710370686115
2024100710420693115
2024100710070709216
2024100710490723217
2024100710140723217
2024100710140723217
2024100710380740117
2024100710370740117
2024100710220740117
2024100710210740117
2024100710190745118
2024100710590779222
2024100710152024003
202410071038D055122
202410071013D202409006
