2024101408070014192
2024101409010024192
2024101408410048192
2024101408580156195
2024101408580156195
2024101408510191196
2024101408500215196
2024101408330253197
2024101408450267197
2024101408410267197
2024101408570314197
2024101408500325100
2024101408410325100
2024101408250421001
2024101408230421001
2024101408530421061
2024101408510421061
2024101408500421061
2024101408310421135
2024101408520421160
2024101408430421160
2024101409020421163
2024101409020421165
2024101408450421166
2024101408300421166
2024101408290421166
2024101408330421167
2024101408280421167
2024101408270421167
2024101408420421175
2024101408430421193
2024101408250421193
2024101408230421193
2024101408140421193
2024101408120421193
2024101408570421199
2024101408560421200
2024101408470421201
2024101408410421204
2024101408380421206
2024101408360421206
2024101408470432106
2024101408580471207
2024101408390478108
2024101408510495108
2024101408230499108
2024101408080500108
2024101408450552211
2024101408180552211
2024101408560571111
2024101408470578112
2024101408500599212
2024101408330610113
2024101408150610113
2024101408520616113
2024101408510616113
2024101408230616113
2024101408360619213
2024101408510633114
2024101408240647114
2024101408140647114
2024101408570680115
2024101409020685115
2024101408570685115
2024101408180696115
2024101408200704116
2024101408510709216
2024101408530722116
2024101409010740117
2024101408480745118
2024101408522024001
2024101408582024005
202410140904D055122
202410140834D057223
202410140828D202409007
