2024100414440010192
2024100414550048192
2024100414550084194
2024100414510215196
2024100414370253197
2024100414370350102
2024100414250398205
2024100414230398205
2024100414180398205
2024100414170421001
2024100414130421001
2024100414320421135
2024100414380421151
2024100414360421151
2024100414280421151
2024100414260421160
2024100414110421160
2024100414400421162
2024100414550421166
2024100414060421183
2024100414480421188
2024100414450421188
2024100414510421191
2024100414460421191
2024100414280421191
2024100414520452107
2024100414220452107
2024100414180471207
2024100414200499108
2024100414570523001
2024100414540541110
2024100414120571111
2024100414140610113
2024100414290680115
2024100414050753118
2024100414310762219
2024100414100762219
2024100414530763119
2024100414500763119
2024100414050779222
202410041426D055122
202410041454D057223
202410041421D057223
202410041432D202409007
202410041431D202409007
