2024101413550014192
2024101413470048192
2024101413520084194
2024101413060084194
2024101413200149195
2024101413390191196
2024101413500215196
2024101413120253197
2024101413070267197
2024101413060325100
2024101414020350102
2024101413480398205
2024101413470398205
2024101413260398205
2024101413050402105
2024101414040417206
2024101413380417206
2024101413460421003
2024101413090421004
2024101414010421029
2024101413230421062
2024101413370421151
2024101413470421165
2024101413400421165
2024101413380421165
2024101413200421165
2024101413520421166
2024101413270421166
2024101413270421166
2024101413500421167
2024101413150421193
2024101413050421193
2024101413150453107
2024101413050453107
2024101413250459107
2024101413440491108
2024101413290495108
2024101413280495108
2024101414010538110
2024101413150546111
2024101413140546111
2024101413390552211
2024101413260552211
2024101413400565111
2024101413380565111
2024101413230565111
2024101413210565111
2024101413050565111
2024101413120566111
2024101413130571111
2024101413320578112
2024101413260578112
2024101413440599212
2024101413430599212
2024101413050621113
2024101413200624113
2024101413110652114
2024101413590657214
2024101413240657214
2024101413050657214
2024101413270667215
2024101413190680115
2024101413170680115
2024101414020695115
2024101414000708116
2024101414000708116
2024101413550708116
2024101413530708116
2024101413520708116
2024101413460723217
2024101413120739117
2024101413050739117
2024101413130775120
2024101413322024005
