2024101510030024192
2024101509270084194
2024101509450191196
2024101509270314197
2024101509140386104
2024101509240398205
2024101509160398205
2024101509190421002
2024101509430421020
2024101509400421020
2024101509140421020
2024101509100421020
2024101509070421020
2024101509050421020
2024101509340421029
2024101509210421062
2024101509570421135
2024101510040421160
2024101510000421160
2024101509530421160
2024101509220421160
2024101509220421160
2024101509340421162
2024101509380421166
2024101509370421166
2024101509280421167
2024101509240421167
2024101509100421193
2024101509100421199
2024101509090421200
2024101509210421206
2024101509130432106
2024101509200435106
2024101510030453107
2024101509330463107
2024101509310463107
2024101509050463107
2024101509470466207
2024101509050471207
2024101509410477108
2024101509400491108
2024101509310495108
2024101509420537110
2024101509460538110
2024101509580546111
2024101509440565111
2024101509430565111
2024101509430565111
2024101509330565111
2024101509320565111
2024101509190624113
2024101509180624113
2024101509290651114
2024101509300659115
2024101509060685115
2024101509420690215
2024101509420690215
2024101510030693115
2024101510010708116
2024101510000724117
2024101509550734117
2024101509450739117
2024101509240739117
2024101510000780123
2024101509590780123
2024101509342024002
2024101509382024004
2024101509492024005
202410150934D055122
