2024101811410096194
2024101811150215196
2024101811290421002
2024101811170421002
2024101812000421042
2024101811440421062
2024101811350421160
2024101811270421160
2024101811240421160
2024101811170421160
2024101811130421160
2024101811330421166
2024101811310421166
2024101811380421167
2024101811580421186
2024101811070421186
2024101811500499108
2024101811420499108
2024101811320610113
2024101811210616113
2024101811230671115
2024101811100671115
2024101811390695115
2024101811380695115
2024101812020697115
2024101811350724117
2024101811460763119
2024101811230763119
2024101811510768219
