2024100410340010192
2024100410180084194
2024100410440417206
2024100410550421135
2024100410500421135
2024100410340421135
2024100410420421160
2024100410190421160
2024100410590421162
2024100410570421162
2024100410410421165
2024100410260421183
2024100411000421191
2024100410420421191
2024100411010421195
2024100411000471207
2024100411080499108
2024100410470594112
2024100410130642114
2024100410110642114
2024100410330680115
2024100410310680115
2024100410270680115
2024100410260680115
2024100410140680115
2024100411050768219
2024100410590768219
2024100411000770119
2024100411082024005
2024100410462024005
202410041035630910
202410041018D055122
202410041107D056122
