2024100218310048192
2024100218110084194
2024100218300120194
2024100218230120194
2024100218260215196
2024100218530253197
2024100218440253197
2024100218550326200
2024100218520326200
2024100218110350102
2024100218460385104
2024100218270385104
2024100218250385104
2024100218350421004
2024100218370421062
2024100218490421135
2024100218330421135
2024100218410421160
2024100218130421160
2024100218580421162
2024100218420421162
2024100218400421162
2024100218180421163
2024100218160421163
2024100218120421165
2024100218590421193
2024100218050455107
2024100218150466207
2024100218510475107
2024100218510475107
2024100218340491108
2024100218500537110
2024100218210570111
2024100218110581112
2024100218160624113
2024100218090624113
2024100218460659115
2024100218160659115
2024100218190664115
2024100218520671115
2024100218180671115
2024100218170704116
2024100218150704116
2024100218100704116
2024100218080722116
2024100218350732117
2024100218330732117
2024100218170732117
2024100218320749118
2024100218120749118
2024100218430753118
2024100218500768219
2024100219022024004
2024100218432024004
202410021827D056122
202410021825D056122
