2024101419020084194
2024101418560084194
2024101418280084194
2024101418390215196
2024101418510350102
2024101418460350102
2024101418460350102
2024101418100350102
2024101418580405205
2024101418350405205
2024101418080421003
2024101418060421003
2024101418350421004
2024101418340421004
2024101419040421162
2024101419010421162
2024101418060421162
2024101418070421193
2024101418180435106
2024101418120565111
2024101418110565111
2024101418050578112
2024101418050610113
2024101418590616113
2024101418080616113
2024101418350624113
2024101418340624113
2024101418070624113
2024101418280633114
2024101418180659115
2024101418280707116
2024101418300721002
2024101418590740117
2024101418300740117
2024101418300740117
2024101418290740117
2024101418290740117
2024101418280740117
2024101418312024002
2024101418132024005
