2024101013170014192
2024101013450120194
2024101013440215196
2024101013300314197
2024101013290314197
2024101013190314197
2024101013500326200
2024101013080371204
2024101013060380104
2024101013550385104
2024101013580416206
2024101013410421061
2024101013400421135
2024101013570421162
2024101013550421162
2024101013520421162
2024101013480421162
2024101013430421162
2024101013350421162
2024101013330421162
2024101013280421165
2024101013270421165
2024101013470421166
2024101013460421166
2024101013310421166
2024101013250421166
2024101013450421167
2024101013310421188
2024101013160453107
2024101013440519108
2024101013420519108
2024101013320537110
2024101013350538110
2024101014040561111
2024101014040561111
2024101013510561111
2024101013400570111
2024101013110570111
2024101013090610113
2024101013490614113
2024101013410614113
2024101013340624113
2024101013410637114
2024101013330642114
2024101013220652114
2024101013520664115
2024101013170682115
2024101013090684115
2024101013150695115
2024101013430696115
2024101013560722116
2024101013460740117
2024101013250749118
2024101013230781224
2024101013502024005
202410101321D057223
