2024101707250024192
2024101707590123001
2024101707310314197
2024101707200314197
2024101708020398205
2024101707350400105
2024101707280402105
2024101707220416206
2024101707380421042
2024101707410421062
2024101707050421162
2024101707120421188
2024101707300421195
2024101707090429106
2024101708000432106
2024101708000435106
2024101708020452107
2024101707240452107
2024101707480475107
2024101708020495108
2024101707460500108
2024101707490523001
2024101707430523001
2024101707220535110
2024101707210535110
2024101708030538110
2024101708040602113
2024101707550610113
2024101707290647114
2024101707190647114
2024101707410666215
2024101707560685115
2024101707500685115
2024101707500708116
2024101707590718116
2024101707380718116
2024101708010734117
2024101707530734117
2024101707560740117
2024101707510758119
2024101708040763119
2024101707492024005
202410170711D202409007
