2024100310390010192
2024100310120084194
2024100310090084194
2024100310520253197
2024100310180267197
2024100310050351102
2024100310570398205
2024100310520398205
2024100310500402105
2024100310470402105
2024100310450421135
2024100310070421135
2024100311030421152
2024100310470421152
2024100310430421152
2024100310390421160
2024100310340421160
2024100310290421160
2024100310200421160
2024100311030421162
2024100311010421162
2024100310170421162
2024100310530421167
2024100310200421183
2024100311020421186
2024100310290421186
2024100310550421193
2024100310200491108
2024100310470559111
2024100310550581112
2024100310130610113
2024100310490616113
2024100310220619213
2024100310370642114
2024100310200666215
2024100310540707116
2024100310540707116
2024100310510707116
2024100310500707116
2024100310490707116
2024100310470707116
2024100310470707116
2024100310460707116
2024100310450707116
2024100310450707116
2024100310440707116
2024100310430707116
2024100310420707116
2024100310420707116
2024100310500709216
2024100310270721002
2024100310580740117
2024100310580740117
2024100310540740117
2024100310510740117
2024100310510740117
2024100310500740117
2024100310500740117
2024100310490740117
2024100310480740117
2024100310470740117
2024100310470740117
2024100310460740117
2024100310450740117
2024100310450740117
2024100310410740117
2024100310400740117
2024100310400740117
2024100310390740117
2024100310370740117
2024100310370740117
2024100310360740117
202410031020D053121
202410031011D202409007
