2024100711090010192
2024100711300014192
2024100711260048192
2024100711440084194
2024100711410084194
2024100711400084194
2024100711400084194
2024100711390084194
2024100711390084194
2024100711380084194
2024100711340084194
2024100711330084194
2024100711080084194
2024100711070096194
2024100711490124002
2024100711270253197
2024100711210277197
2024100711500325100
2024100711250385104
2024100711180385104
2024100711130385104
2024100711360398205
2024100711520400105
2024100711250402105
2024100711330417206
2024100711060421002
2024100711290421160
2024100711090421160
2024100711390421162
2024100711340421162
2024100711300421162
2024100711180421165
2024100711160421165
2024100711290421166
2024100711280421166
2024100711230452107
2024100711570455107
2024100711270455107
2024100711500463107
2024100711300471207
2024100711260499108
2024100711140552211
2024100711100559111
2024100711540565111
2024100711400565111
2024100711270565111
2024100711580571111
2024100711440642114
2024100711400642114
2024100711530643114
2024100711550647114
2024100711060647114
2024100711490652114
2024100711480652114
2024100711260664115
2024100711420667215
2024100711590671115
2024100711530684115
2024100711420684115
2024100711480685115
2024100711470691215
2024100711520693115
2024100711310695115
2024100711170707116
2024100711500718116
2024100711420718116
2024100711270718116
2024100711550720216
2024100711550740117
2024100711130767119
2024100711230775120
2024100711172024003
202410071126D052121
202410071128D053121
