2024101714030048192
2024101713170048192
2024101713360084194
2024101713170084194
2024101713090117194
2024101713400215196
2024101713110253197
2024101713400277197
2024101714030314197
2024101714000371204
2024101714030385104
2024101713170385104
2024101713510386104
2024101713440398205
2024101713110398205
2024101713530400105
2024101713080405205
2024101713330416206
2024101713280416206
2024101714030417206
2024101713280417206
2024101714000421029
2024101713140421062
2024101713370421160
2024101713170421160
2024101713380421162
2024101713360421162
2024101713350421162
2024101713260421165
2024101713240421165
2024101713190421166
2024101713490421167
2024101713470421167
2024101713450421167
2024101713420421167
2024101713230421167
2024101714010421186
2024101713440421193
2024101713550431106
2024101713350431106
2024101713580455107
2024101713580455107
2024101713360471207
2024101713330471207
2024101713530499108
2024101713240500108
2024101713310535110
2024101713300535110
2024101713290535110
2024101713270535110
2024101713470546111
2024101713420559111
2024101713270567111
2024101713070578112
2024101714010581112
2024101713120602113
2024101714010625113
2024101713450636114
2024101713390636114
2024101714020647114
2024101714020648214
2024101713420657214
2024101713110659115
2024101713060664115
2024101713530671115
2024101713590680115
2024101713590680115
2024101714020685115
2024101713170691215
2024101713500693115
2024101713260693115
2024101713070693115
2024101713240704116
2024101713410712116
2024101713270712116
2024101713230718116
2024101713500720216
2024101713260732117
2024101713510734117
2024101713200734117
2024101713340756118
2024101713110756118
2024101713400758119
2024101713400762219
2024101713570763119
2024101713530763119
2024101713510767119
2024101713480767119
2024101713280768219
2024101713320779222
2024101713340781224
202410171316D052121
202410171352D057223
202410171351D057223
202410171338D057223
202410171335D057223
202410171352VIP-01
202410171352VIP-03
