2024100307210010192
2024100307390024192
2024100307190314197
2024100307140314197
2024100307410380104
2024100307190380104
2024100307110380104
2024100307080380104
2024100307360402105
2024100307440416206
2024100307420416206
2024100307180421029
2024100307160421135
2024100307590421160
2024100307560421160
2024100307400421160
2024100307360421160
2024100307180421160
2024100307150421160
2024100307180421163
2024100307290421165
2024100307280421165
2024100307470421183
2024100307370421195
2024100307560500108
2024100307380523001
2024100307530571111
2024100307420571111
2024100307400571111
2024100307180614113
2024100308030619213
2024100308030642114
2024100308000642114
2024100307380647114
2024100307350666215
2024100307450671115
2024100307200671115
2024100307420680115
2024100307420680115
2024100307120680115
2024100307110680115
2024100307560696115
2024100307340696115
2024100307260696115
2024100308010758119
2024100307420763119
202410030728630909
