2024100416550084194
2024100416540084194
2024100416180084194
2024100416160084194
2024100416570398205
2024100416370417206
2024100416570421002
2024100416570421003
2024100417020421135
2024100417020421160
2024100416430421160
2024100416400421160
2024100416310421160
2024100416310421160
2024100416290421160
2024100416240421160
2024100417010421162
2024100416590421162
2024100416550421162
2024100416370421162
2024100416350421162
2024100416090421162
2024100416050421162
2024100416590421165
2024100416590421166
2024100416390421166
2024100416380421166
2024100416330421183
2024100416290421188
2024100416330541110
2024100416510732117
2024100416250732117
2024100416060732117
2024100416140763119
2024100417010781224
2024100416282024005
202410041654D055122
