2024100409400014192
2024100409460048192
2024100409440084194
2024100409090084194
2024100409580120194
2024100409490215196
2024100409390215196
2024100409430253197
2024100409060417206
2024100409440421002
2024100409500421008
2024100409330421135
2024100409070421160
2024100409060421160
2024100409060421160
2024100409470421162
2024100409450421162
2024100409410421162
2024100409080421162
2024100409120421163
2024100410030421165
2024100409350421166
2024100409150421186
2024100409380421188
2024100409290421188
2024100409250421191
2024100409060421191
2024100409580452107
2024100409520463107
2024100410010471207
2024100409230559111
2024100409490570111
2024100409160571111
2024100409080581112
2024100410020642114
2024100409150642114
2024100409110642114
2024100409560659115
2024100409410671115
2024100409260684115
2024100409230684115
2024100409280749118
2024100409520763119
2024100409320776221
2024100409070779222
2024100409500781224
2024100409192024005
202410041003D052121
202410040935D057223
