2024100718320123001
2024100719010324001
2024100718590324001
2024100718130385104
2024100718110385104
2024100718410421003
2024100718580421020
2024100718470421020
2024100718190421020
2024100718110421029
2024100719040421160
2024100719020421160
2024100718380421160
2024100718370421160
2024100718270421160
2024100718130421160
2024100718050421160
2024100719040421162
2024100718540421162
2024100718440421162
2024100718420421162
2024100718400421162
2024100718340421162
2024100718300421162
2024100718240421162
2024100718480421165
2024100718120421165
2024100718250435106
2024100718190435106
2024100718460466207
2024100718390523001
2024100718150523001
2024100718110523001
2024100718360541110
2024100718560570111
2024100718470633114
2024100718560653114
2024100718280653114
2024100718210653114
2024100718400704116
2024100718380704116
2024100718310704116
2024100718510707116
2024100718400707116
2024100718120707116
2024100718110723217
2024100718510740117
2024100718570753118
2024100718550753118
2024100718550753118
2024100718570770119
2024100718530770119
2024100718490770119
