2024101409250048192
2024101410020084194
2024101409590084194
2024101409580084194
2024101409130084194
2024101409580120194
2024101409310149195
2024101409470156195
2024101409470156195
2024101409330156195
2024101409330156195
2024101409400398205
2024101409300398205
2024101409270398205
2024101409210398205
2024101409480405205
2024101409420417206
2024101409200417206
2024101409560421003
2024101409530421004
2024101409560421061
2024101409410421061
2024101409320421061
2024101409540421162
2024101409460421162
2024101409310421162
2024101409290421162
2024101409070421169
2024101409500421183
2024101409370432106
2024101409050435106
2024101409480453107
2024101409270455107
2024101409260455107
2024101410040471207
2024101409450471207
2024101409050471207
2024101409230475107
2024101409050475107
2024101409160477108
2024101409150495108
2024101409570499108
2024101409380499108
2024101409520519108
2024101409260537110
2024101409570538110
2024101409200559111
2024101409570565111
2024101409540565111
2024101409230565111
2024101409220565111
2024101409420581112
2024101409430624113
2024101409420624113
2024101409450636114
2024101409120643114
2024101409580652114
2024101409550657214
2024101409470659115
2024101409520671115
2024101409330671115
2024101409060671115
2024101409340680115
2024101409490695115
2024101409450695115
2024101409550697115
2024101409220704116
2024101409110708116
2024101409140720216
2024101409140720216
2024101410010723217
2024101410000723217
2024101409330739117
2024101409240739117
2024101409160740117
2024101409140745118
2024101409110745118
2024101409190749118
2024101409440750118
2024101409290764119
2024101409270764119
2024101409192024005
202410141002D052121
202410140927D052121
202410140956D056122
