2024100215170024192
2024100215540084194
2024100215330084194
2024100215270149195
2024100215300350102
2024100215050380104
2024100215560386104
2024100216040398205
2024100215470398205
2024100215400400105
2024100215410402105
2024100216040421008
2024100215180421008
2024100216010421029
2024100215510421062
2024100215540421135
2024100215520421160
2024100215480421160
2024100215450421160
2024100215420421160
2024100215090421160
2024100215050421160
2024100215160421162
2024100215130421162
2024100216000421188
2024100215430421191
2024100215370421191
2024100215450429106
2024100215090452107
2024100215050452107
2024100215050452107
2024100215220453107
2024100215130453107
2024100215330455107
2024100215320455107
2024100215470471207
2024100215340499108
2024100215560570111
2024100215140637114
2024100215100637114
2024100215100647114
2024100215070648214
2024100215060648214
2024100215590659115
2024100215170685115
2024100215440693115
2024100215120693115
2024100215500695115
2024100215460695115
2024100215190709216
2024100215400718116
2024100215350718116
2024100215140718116
2024100215060722116
2024100215380723217
2024100215070739117
2024100215540749118
2024100215350753118
2024100215330753118
2024100215090763119
2024100215070779222
202410021604D052121
202410021537D055122
