2024100716490010192
2024100716210024192
2024100716200048192
2024100716200084194
2024100716260120194
2024100716120215196
2024100716300253197
2024100716100253197
2024100717010267197
2024100716590267197
2024100716240267197
2024100716380277197
2024100716050277197
2024100716380314197
2024100716340314197
2024100716110314197
2024100716500324001
2024100716480324001
2024100716200324001
2024100716190324001
2024100716170324001
2024100716480325100
2024100716210386104
2024100717000400105
2024100716120402105
2024100716430405205
2024100716070405205
2024100716400417206
2024100716460421062
2024100716590421135
2024100717010421160
2024100716420421160
2024100717040421162
2024100716370421162
2024100716270421162
2024100716260421162
2024100716160421165
2024100716150421165
2024100716150421165
2024100716590421166
2024100716380421166
2024100716370421166
2024100716190421166
2024100716220421167
2024100716500421188
2024100717030421193
2024100716580421193
2024100716560421193
2024100716490421193
2024100716480431106
2024100716230431106
2024100716300452107
2024100716550453107
2024100716510453107
2024100716490453107
2024100716400453107
2024100716190453107
2024100716170453107
2024100716520455107
2024100716120459107
2024100716570471207
2024100716380471207
2024100716140471207
2024100716410477108
2024100716350477108
2024100716490491108
2024100716480495108
2024100716340495108
2024100716050495108
2024100716280499108
2024100716220499108
2024100716270537110
2024100717030538110
2024100716270538110
2024100716150538110
2024100716570541110
2024100716570541110
2024100716170541110
2024100716170541110
2024100716580552211
2024100716150552211
2024100716450559111
2024100716350559111
2024100716490565111
2024100716480565111
2024100716160565111
2024100716590578112
2024100716150578112
2024100716490581112
2024100716480610113
2024100716100636114
2024100716390642114
2024100716340642114
2024100716060643114
2024100716250647114
2024100716190647114
2024100716500659115
2024100716050659115
2024100716140671115
2024100716550680115
2024100716520680115
2024100716400685115
2024100716080685115
2024100716420686115
2024100716590690215
2024100716590691215
2024100716370704116
2024100716500707116
2024100716050707116
2024100716430709216
2024100716120709216
2024100716320718116
2024100716440723217
2024100716430723217
2024100716430734117
2024100716090734117
2024100716470739117
2024100717020745118
2024100716370745118
2024100716060750118
2024100717030753118
2024100717000763119
2024100717000767119
2024100716580767119
2024100716160767119
2024100716110780123
2024100716462024002
202410071621D053121
202410071619D055122
