2024101419280084194
2024101419100084194
2024101419060084194
2024101419580215196
2024101420030350102
2024101419080350102
2024101419280402105
2024101419110402105
2024101419370421135
2024101419530421163
2024101419280421163
2024101419270421163
2024101419130421163
2024101419080421163
2024101420010421193
2024101419140421193
2024101419250491108
2024101419520610113
2024101419450633114
2024101419560671115
2024101419460671115
2024101419450686115
2024101419562024002
2024101419172024002
2024101419252024005
202410141928630910
202410141905D202409006
