2024101513540014192
2024101513550024192
2024101513090048192
2024101513440084194
2024101513210084194
2024101513280117194
2024101513270117194
2024101513360191196
2024101513280314197
2024101513430325100
2024101513530385104
2024101513220398205
2024101514040402105
2024101513540402105
2024101513250405205
2024101513290416206
2024101513130421008
2024101513200421020
2024101513150421020
2024101513070421029
2024101514040421062
2024101513310421062
2024101513150421062
2024101514030421071
2024101513260421125
2024101513240421125
2024101514000421160
2024101513590421160
2024101513540421160
2024101513470421160
2024101513180421160
2024101514030421162
2024101513050421163
2024101513560421166
2024101513120421166
2024101513500421167
2024101513550429106
2024101513360432106
2024101513520435106
2024101513520452107
2024101513220453107
2024101513110453107
2024101514020478108
2024101513270500108
2024101513100519108
2024101513530537110
2024101513120538110
2024101513390552211
2024101513210552211
2024101513420565111
2024101513350565111
2024101513220565111
2024101513560570111
2024101513260578112
2024101513210578112
2024101513310602113
2024101513410621113
2024101513200624113
2024101513560659115
2024101513150664115
2024101513510685115
2024101513070690215
2024101513360693115
2024101513220697115
2024101513490704116
2024101513530707116
2024101513570708116
2024101513290712116
2024101513160724117
2024101513460734117
2024101513380740117
2024101513300780123
2024101513250780123
