2024101619130048192
2024101619450124002
2024101619570215196
2024101619260326200
2024101619210350102
2024101619150405205
2024101619230421029
2024101619100421042
2024101619450421057
2024101619340421160
2024101619090421160
2024101619050421160
2024101619530421162
2024101619250421162
2024101619150421162
2024101619150421162
2024101619330421165
2024101619050421165
2024101619580421188
2024101619140421188
2024101619320421193
2024101619450421199
2024101619450421200
2024101619450421201
2024101620020421207
2024101619340491108
2024101619300491108
2024101620030561111
2024101619190610113
2024101619190616113
2024101619170671115
2024101620020707116
2024101619520707116
2024101619320707116
2024101620020712116
2024101619570712116
2024101619340758119
2024101619320758119
2024101619310758119
2024101619340768219
2024101619240776221
2024101619552024005
2024101619322024005
2024101619202024005
202410161908D202409007
