2024101706260024192
2024101706590402105
2024101706340421057
2024101706520421160
2024101706350421160
2024101706320421160
2024101706280421160
2024101706250421160
2024101706150421160
2024101707040421162
2024101706480421162
2024101706170421162
2024101706100421162
2024101706490421163
2024101706360421163
2024101706240421163
2024101706230421163
2024101706130421163
2024101707040421165
2024101706520421191
2024101706050421191
2024101706590432106
2024101706490452107
2024101707010471207
2024101706570567111
2024101706570567111
2024101706470647114
2024101706170682115
2024101706100734117
