2024101120000124002
2024101119450421057
2024101119440421057
2024101119440421125
2024101119390421162
2024101119260421162
2024101119130421163
2024101119530421193
2024101119510421193
2024101119180421193
2024101119110421193
2024101119060421193
2024101119430421195
2024101119320421195
2024101119300421195
2024101119300421195
2024101119140421195
2024101119090421195
2024101120000421199
2024101119450421200
2024101119450421201
2024101119400684115
2024101119220684115
2024101119150684115
2024101119340768219
2024101119150768219
202410111956D055122
