2024101813300096194
2024101813260215196
2024101813490253197
2024101813120400105
2024101813510417206
2024101814020421042
2024101813130421062
2024101813390421160
2024101813190421160
2024101813310421162
2024101813280421162
2024101814010421165
2024101813570421166
2024101813530421166
2024101813530421166
2024101813070421167
2024101814020421195
2024101814020421195
2024101813170421195
2024101813170421195
2024101813180435106
2024101813210499108
2024101813260565111
2024101814040571111
2024101813150571111
2024101813190578112
2024101813150581112
2024101813140610113
2024101813530616113
2024101813210616113
2024101813180616113
2024101813170636114
2024101813330642114
2024101813110642114
2024101813230659115
2024101813240712116
2024101813060712116
2024101814040753118
2024101814040753118
2024101813510770119
2024101813410770119
2024101813532024002
202410181329D055122
202410181335VIP-03
