2024100214560010192
2024100214420024192
2024100214370048192
2024100214120084194
2024100214090117194
2024100214090117194
2024100214080117194
2024100214540215196
2024100214540215196
2024100214530215196
2024100214090215196
2024100214540325100
2024100214230325100
2024100214530326200
2024100214100350102
2024100214570386104
2024100214170398205
2024100214070398205
2024100215020421008
2024100214440421008
2024100214240421008
2024100214350421020
2024100214160421020
2024100214180421029
2024100214350421071
2024100214050421135
2024100214380421160
2024100214320421160
2024100214210421160
2024100214340421162
2024100214190421165
2024100214140421165
2024100214130421165
2024100214290421193
2024100214450429106
2024100214550432106
2024100214490432106
2024100214520453107
2024100214410471207
2024100214510475107
2024100214570477108
2024100214180491108
2024100214380495108
2024100214290495108
2024100214440546111
2024100214320546111
2024100214170566111
2024100214250570111
2024100214590578112
2024100215000581112
2024100214060637114
2024100214110642114
2024100215000647114
2024100214450657214
2024100215020681115
2024100215020681115
2024100215010693115
2024100214110693115
2024100214060696115
2024100214220704116
2024100214170704116
2024100214420718116
2024100214140723217
2024100214140739117
2024100214580763119
2024100214540780123
2024100214312024002
2024100214082024002
202410021451D055122
202410021423D057223
