2024101417070048192
2024101417530084194
2024101417180253197
2024101417170253197
2024101417130314197
2024101417100314197
2024101417500350102
2024101417460350102
2024101417540402105
2024101417110417206
2024101417180421001
2024101417280421135
2024101417550421160
2024101417080421162
2024101417410421183
2024101418040421193
2024101417230421193
2024101417090421193
2024101417520435106
2024101418000452107
2024101417330455107
2024101417230455107
2024101417470471207
2024101417260471207
2024101417100477108
2024101417240499108
2024101417210499108
2024101417480537110
2024101417460537110
2024101417160537110
2024101417480538110
2024101417110559111
2024101417560565111
2024101417530565111
2024101417230565111
2024101417050565111
2024101417050565111
2024101417070566111
2024101417510578112
2024101417430616113
2024101417190619213
2024101417510643114
2024101417270643114
2024101417490659115
2024101417250666215
2024101418030671115
2024101418010671115
2024101417400691215
2024101417160704116
2024101417150709216
2024101417370722116
2024101417260722116
2024101417220723217
2024101417470749118
2024101417560776221
2024101418042024002
2024101417162024002
202410141747630910
202410141744D055122
202410141752D056122
