2024101016140014192
2024101016190024192
2024101016160024192
2024101016380080194
2024101016370080194
2024101016290080194
2024101016280080194
2024101016270080194
2024101016260117194
2024101016400324001
2024101016280326200
2024101016190351102
2024101016130380104
2024101016390398205
2024101016380398205
2024101016300398205
2024101016490400105
2024101016140400105
2024101016050400105
2024101016280405205
2024101016300417206
2024101016160417206
2024101016260421003
2024101016360421020
2024101016320421020
2024101016310421020
2024101016580421029
2024101016270421057
2024101016350421152
2024101016420421160
2024101016410421160
2024101016340421162
2024101016290421162
2024101016270421162
2024101016240421162
2024101016220421162
2024101016530421166
2024101016450421166
2024101016440421166
2024101016060421166
2024101017030421167
2024101016470421167
2024101016350421169
2024101016360421174
2024101016350421174
2024101016230421175
2024101016220421175
2024101016260421178
2024101016230421178
2024101016100421188
2024101016590421193
2024101016520421193
2024101016470421193
2024101016460421193
2024101016430421193
2024101016360421199
2024101016350421199
2024101016280421200
2024101016230421200
2024101016350421201
2024101016370421204
2024101016260421204
2024101016180421204
2024101016170421204
2024101016340453107
2024101016200453107
2024101016120453107
2024101016510455107
2024101016560471207
2024101016580495108
2024101016560495108
2024101016340519108
2024101016240546111
2024101016230546111
2024101016230561111
2024101016400565111
2024101016210565111
2024101016200565111
2024101016260570111
2024101016420578112
2024101016560581112
2024101016430581112
2024101016210594112
2024101016580602113
2024101016150602113
2024101016310621113
2024101016090621113
2024101016340624113
2024101016430642114
2024101016090642114
2024101016150667215
2024101016140667215
2024101016520671115
2024101016490671115
2024101016310671115
2024101016180671115
2024101016460674115
2024101016420674115
2024101016260674115
2024101016260674115
2024101016540695115
2024101016530695115
2024101016360696115
2024101016290696115
2024101016360704116
2024101016110704116
2024101016150708116
2024101016340709216
2024101016360724117
2024101016530734117
2024101016520734117
2024101016490734117
2024101016090734117
2024101016320740117
2024101016240740117
2024101016120740117
2024101016290779222
2024101016100780123
2024101017000781224
2024101016560781224
2024101016350781224
2024101016572024004
202410101610630910
202410101642D052121
202410101616D052121
202410101622D202409006
