2024101614190149195
2024101614050149195
2024101614360277197
2024101614520325100
2024101614290350102
2024101614140386104
2024101614330398205
2024101614320405205
2024101614110421029
2024101614080421059
2024101614100421062
2024101614200421160
2024101614250421162
2024101614190421162
2024101614400421165
2024101614360421165
2024101614240421167
2024101614180421188
2024101614300435106
2024101614280435106
2024101614490477108
2024101614400477108
2024101614370491108
2024101614580495108
2024101614280495108
2024101614300537110
2024101614390546111
2024101614270546111
2024101614380559111
2024101614530614113
2024101614550637114
2024101614590647114
2024101614190647114
2024101614160647114
2024101614200657214
2024101614410695115
2024101614310707116
2024101614560718116
2024101614160718116
2024101615040721002
2024101614220734117
2024101614520752118
2024101614370752118
2024101614520758119
2024101614580763119
2024101614480776221
2024101614370780123
2024101614342024003
2024101614282024003
2024101614262024003
2024101614242024003
