2024100417200048192
2024100417390215196
2024100417540350102
2024100417240398205
2024100417570421001
2024100417230421008
2024100418030421160
2024100417550421160
2024100417490421160
2024100417410421160
2024100417280421160
2024100417110421160
2024100417080421160
2024100417410421162
2024100417060421162
2024100417050421163
2024100418010421183
2024100418000421191
2024100417430421191
2024100417450471207
2024100417410471207
2024100417130471207
2024100417460523001
2024100417420537110
2024100417530578112
2024100417200610113
2024100417120610113
2024100417230659115
2024100417200671115
2024100417100671115
2024100417070684115
2024100418020695115
2024100417490704116
2024100418000749118
2024100417090763119
2024100417440768219
2024100417230770119
2024100417150770119
2024100417240779222
2024100417200779222
2024100417190781224
2024100417392024002
2024100417212024002
202410041728630909
202410041745D052121
202410041730D056122
