2024100317140215196
2024100317140314197
2024100317050325100
2024100317100351102
2024100317500417206
2024100317070417206
2024100317150421160
2024100317150421160
2024100317130421160
2024100318030421162
2024100318010421162
2024100317440421162
2024100317430421162
2024100317350421162
2024100317310421162
2024100317120421162
2024100317100421162
2024100317470421163
2024100317280421183
2024100317580421186
2024100318020421193
2024100317350421193
2024100317230421193
2024100317190421193
2024100317130421193
2024100317050421193
2024100317580429106
2024100317570429106
2024100317210463107
2024100317190463107
2024100317460471207
2024100317140491108
2024100317500537110
2024100317130566111
2024100317380594112
2024100317370594112
2024100317200594112
2024100317380633114
2024100317520659115
2024100317250666215
2024100317090680115
2024100317190690215
2024100318010695115
2024100317520707116
2024100317320722116
2024100318040740117
2024100317540740117
2024100317100763119
2024100317420770119
2024100317210781224
2024100317542024002
2024100317402024002
2024100317372024003
202410031707D056122
202410031756D057223
