2024100517040084194
2024100517020084194
2024100516590084194
2024100516570084194
2024100516570084194
2024100516560084194
2024100516560084194
2024100516540084194
2024100516530084194
2024100516520084194
2024100516340084194
2024100516320084194
2024100516110084194
2024100516100084194
2024100516100084194
2024100516070084194
2024100516060084194
2024100516050084194
2024100516070421163
2024100516550523001
2024100516440740117
2024100516430740117
2024100516420740117
2024100516410740117
2024100516400740117
2024100516390740117
2024100516330740117
2024100516330740117
2024100516320740117
2024100516310740117
2024100516300740117
2024100516290740117
2024100516280740117
2024100516270740117
2024100516160740117
2024100516150740117
2024100516140740117
2024100516080740117
2024100516070740117
2024100516060740117
2024100516252024005
