2024100918460253197
2024100918340324001
2024100918520326200
2024100918450326200
2024100918110326200
2024100918450405205
2024100918220421002
2024100918220421003
2024100918380421004
2024100918360421004
2024100918590421042
2024100918200421135
2024100918250421160
2024100919010421162
2024100918310421162
2024100918260421162
2024100918140421162
2024100918130421162
2024100918180421163
2024100918160421186
2024100918140421186
2024100919010421193
2024100918300421193
2024100918340435106
2024100918130435106
2024100918260466207
2024100918120491108
2024100918110491108
2024100918100491108
2024100918370496108
2024100918340496108
2024100918220538110
2024100918080538110
2024100918210565111
2024100918170565111
2024100918100578112
2024100918150610113
2024100918380624113
2024100918360624113
2024100918330659115
2024100918070659115
2024100918440671115
2024100918400671115
2024100918370671115
2024100918270671115
2024100918340696115
2024100918370704116
2024100918390707116
2024100918150718116
2024100918530728117
2024100918410728117
2024100918420732117
2024100918210732117
2024100918420749118
2024100918100750118
2024100918240758119
2024100918120779222
2024100918080779222
2024100919002024002
2024100918192024005
2024100918122024005
2024100918122024005
202410091828D055122
