2024100808480048192
2024100809020215196
2024100808310215196
2024100808280215196
2024100808370253197
2024100808280253197
2024100808520324001
2024100808430324001
2024100808280324001
2024100808260324001
2024100808330325100
2024100808280325100
2024100808330386104
2024100808560400105
2024100809040417206
2024100808190421001
2024100808180421001
2024100808290421004
2024100808270421004
2024100808070421135
2024100808410421151
2024100808380421151
2024100809020421160
2024100808130421160
2024100808080421160
2024100808510421162
2024100808500421162
2024100808210421162
2024100808200421162
2024100808160421163
2024100808420421166
2024100808310421166
2024100808300421166
2024100808480421167
2024100808340421167
2024100808400421188
2024100808180429106
2024100808100523001
2024100808080571111
2024100808320578112
2024100808580599212
2024100808170610113
2024100808080610113
2024100808580621113
2024100808340621113
2024100808310642114
2024100808270642114
2024100808170647114
2024100808050647114
2024100809020671115
2024100808470671115
2024100808090680115
2024100808540686115
2024100809020690215
2024100809020690215
2024100808310697115
2024100808200704116
2024100808190704116
2024100808370707116
2024100808190707116
2024100808510709216
2024100808180718116
2024100808460732117
2024100808420732117
2024100809020752118
2024100808420763119
2024100808400763119
2024100808460781224
2024100808270781224
202410080850D057223
202410080817D202409007
