2024101719460277197
2024101719560421029
2024101719500421029
2024101719370421029
2024101720040421042
2024101719450421057
2024101719450421152
2024101719150421160
2024101719120421160
2024101719080421160
2024101719590421186
2024101719490421186
2024101720010421191
2024101719140421191
2024101719590421193
2024101719510421195
2024101719490421195
2024101719450421199
2024101719450421200
2024101719450421201
2024101719450421204
2024101719470523001
2024101719450523001
2024101719310523001
2024101719160541110
2024101719180599212
2024101719350610113
2024101719430696115
2024101719542024004
202410171923630909
