2024100911180014192
2024100911510084194
2024100911370084194
2024100911340084194
2024100911320084194
2024100911310084194
2024100911310084194
2024100911300084194
2024100911300084194
2024100911250084194
2024100911250084194
2024100911460191196
2024100911210191196
2024100911260215196
2024100911480267197
2024100911570324001
2024100911550324001
2024100911390324001
2024100911550325100
2024100911480326200
2024100911150326200
2024100911520350102
2024100911530386104
2024100911490398205
2024100911260402105
2024100911160402105
2024100912040417206
2024100911390421071
2024100911090421135
2024100911260421156
2024100911250421156
2024100911090421160
2024100911130421165
2024100911290421166
2024100911280421166
2024100911250421166
2024100911240421166
2024100911310421167
2024100911260455107
2024100911260455107
2024100911110475107
2024100911350491108
2024100912030496108
2024100912040519108
2024100911560519108
2024100911380519108
2024100911490561111
2024100911440561111
2024100911380561111
2024100911460565111
2024100911280565111
2024100911220565111
2024100911470610113
2024100911420610113
2024100911050610113
2024100911060631114
2024100911250637114
2024100912040647114
2024100911500647114
2024100911360648214
2024100911360648214
2024100911450653114
2024100911060653114
2024100911270657214
2024100911100659115
2024100911510664115
2024100911490671115
2024100911370680115
2024100911520685115
2024100911350685115
2024100912030686115
2024100911470686115
2024100911110690215
2024100911580693115
2024100911070697115
2024100911230704116
2024100911540718116
2024100911330718116
2024100911320720216
2024100912000728117
2024100911180734117
2024100911170734117
2024100911160734117
2024100911530740117
2024100911320740117
2024100911170740117
2024100911140740117
2024100911060740117
2024100912040775120
2024100911290775120
2024100911220780123
2024100911190780123
2024100911180780123
2024100911512024001
2024100911242024005
202410091116630909
