2024101107050380104
2024101107230421057
2024101107400421135
2024101107420421160
2024101107410421160
2024101107400421160
2024101107280421160
2024101107070421160
2024101107420421162
2024101107300421163
2024101107470421175
2024101107430421175
2024101108040421188
2024101107370421195
2024101107230421206
2024101107430475107
2024101108020523001
2024101107270523001
2024101107200523001
2024101107520686115
2024101107172024001
2024101107162024001
2024101107182024005
202410110746630909
202410110753D202409007
