2024101609220014192
2024101609340024192
2024101609450149195
2024101609570253197
2024101610000326200
2024101609530326200
2024101610040350102
2024101609390386104
2024101609200398205
2024101609300421003
2024101609250421004
2024101609380421060
2024101609490421135
2024101609350421152
2024101609210421152
2024101609200421152
2024101609210421160
2024101609520421162
2024101609140421162
2024101609450421188
2024101610010421193
2024101609370421206
2024101609100421207
2024101609080429106
2024101609550435106
2024101609260446107
2024101609410466207
2024101609580475107
2024101609060475107
2024101609110477108
2024101609240495108
2024101609240495108
2024101609070495108
2024101609150496108
2024101609510499108
2024101609050537110
2024101609140559111
2024101609300565111
2024101609290565111
2024101610040581112
2024101609250599212
2024101609380610113
2024101609140614113
2024101609060616113
2024101609300624113
2024101609090625113
2024101609070657214
2024101609430671115
2024101609370671115
2024101609210671115
2024101609230690215
2024101609220690215
2024101609500695115
2024101609200696115
2024101609050697115
2024101609570718116
2024101609550721002
2024101609550722116
2024101609140732117
2024101609340739117
2024101609290739117
2024101609270749118
2024101609190762219
2024101609140762219
2024101609110762219
2024101609110762219
2024101609050763119
2024101609440780123
2024101609300781224
2024101609212024005
202410160953D052121
202410160959D057223
202410160952D057223
202410160935D057223
202410160921D057223
202410160957VIP-01
202410160955VIP-02
202410161001VIP-03
