2024101813030096194
2024101812420215196
2024101812240325100
2024101812440398205
2024101812310398205
2024101812520421160
2024101812480421160
2024101812240421160
2024101812160421160
2024101812330421162
2024101812310421162
2024101812200421162
2024101812170421165
2024101812440421167
2024101812160421193
2024101812230496108
2024101812060538110
2024101812360561111
2024101812490616113
2024101812210636114
2024101812200680115
2024101812320704116
2024101812360712116
2024101812480724117
2024101812520763119
2024101812330763119
2024101812150776221
2024101813000779222
2024101812152024001
202410181239D055122
202410181255D056122
