2024101507370024192
2024101507090080194
2024101507490123001
2024101507310123001
2024101507310314197
2024101507140314197
2024101507480402105
2024101508020416206
2024101507540421062
2024101507460421062
2024101507420421062
2024101507590421125
2024101507500421135
2024101507300421152
2024101507410421160
2024101507180421160
2024101507180421165
2024101507470421183
2024101507320421195
2024101507110429106
2024101507490432106
2024101507370452107
2024101507250452107
2024101507290471207
2024101507170475107
2024101507480495108
2024101507480495108
2024101507240495108
2024101507190495108
2024101507150495108
2024101507150495108
2024101507060495108
2024101507420602113
2024101507390602113
2024101507420666215
2024101507090770119
2024101507552024002
202410150709D057223
