2024100415310048192
2024100415200084194
2024100415100084194
2024100415230350102
2024100416030398205
2024100415470398205
2024100415350398205
2024100415190398205
2024100415190417206
2024100416010421135
2024100415320421160
2024100415280421160
2024100415200421160
2024100415180421160
2024100415150421160
2024100415050421160
2024100415200421162
2024100415110421162
2024100415250421165
2024100415200421165
2024100416030421188
2024100415590421191
2024100415540421191
2024100415510475107
2024100415190499108
2024100415280563111
2024100415240563111
2024100415120563111
2024100415460571111
2024100415050578112
2024100415340610113
2024100415330642114
2024100415240642114
2024100416030659115
2024100415490671115
2024100415270671115
2024100415440680115
2024100415460684115
2024100415450695115
2024100415090762219
2024100415490763119
2024100415420763119
2024100415430779222
2024100415190779222
2024100415490781224
2024100415220781224
2024100415190781224
2024100415592024005
2024100415102024005
202410041604630909
202410041510D055122
202410041603D057223
