2024101109490149195
2024101109290215196
2024101109120324001
2024101109080324001
2024101109060324001
2024101109450421001
2024101109270421002
2024101110020421160
2024101109300421160
2024101109190421160
2024101109480421163
2024101109540421165
2024101109430421166
2024101109490421169
2024101109360421183
2024101109280421183
2024101109570421188
2024101109280421206
2024101109440435106
2024101109220519108
2024101109120537110
2024101109380561111
2024101109360561111
2024101109280565111
2024101109270565111
2024101109320578112
2024101109300578112
2024101109060621113
2024101109140625113
2024101109100625113
2024101109350636114
2024101109240651114
2024101109530664115
2024101109340680115
2024101109300680115
2024101109220682115
2024101109210707116
2024101109190707116
2024101110030768219
2024101110000768219
2024101109140770119
2024101109240776221
2024101109592024005
202410110948630909
202410110935630909
202410110932630909
202410110934D052121
202410110949D055122
202410110925D055122
202410110914D202409006
