2024101808120215196
2024101808170325100
2024101808090325100
2024101808330398205
2024101808160398205
2024101808060400105
2024101808560417206
2024101808500417206
2024101808510421042
2024101808550421160
2024101808160421163
2024101808530421165
2024101808360421165
2024101808590421166
2024101808420421166
2024101808390421166
2024101808290421166
2024101808280421166
2024101808540421167
2024101808400421167
2024101808440421175
2024101808140421178
2024101808520421193
2024101808440421193
2024101808370421193
2024101808580421199
2024101808570421200
2024101808420421201
2024101808300421204
2024101808190421204
2024101808580421206
2024101809020475107
2024101809010496108
2024101809020499108
2024101808250499108
2024101808070523001
2024101808170538110
2024101808170571111
2024101808420578112
2024101808320610113
2024101808110610113
2024101808140674115
2024101808330704116
2024101808130704116
2024101808110704116
2024101808500740117
2024101808240740117
2024101808200740117
2024101808200740117
2024101808410768219
2024101808420770119
2024101808502024001
202410180809630910
202410180852D057223
202410180847VIP-03
