2024101110320120194
2024101110070120194
2024101110190215196
2024101110240324001
2024101110090380104
2024101110200421008
2024101110520421135
2024101110180421151
2024101110590421160
2024101110350421160
2024101110210421160
2024101110080421160
2024101110070421160
2024101110140421162
2024101110120421162
2024101110080421162
2024101110260421167
2024101110580421193
2024101110560421193
2024101110520421193
2024101110400435106
2024101110320495108
2024101110320495108
2024101110050495108
2024101110490499108
2024101110240541110
2024101110240541110
2024101111030563111
2024101111040565111
2024101110280578112
2024101110100581112
2024101110390621113
2024101110240625113
2024101110280671115
2024101110160671115
2024101110320680115
2024101110170686115
2024101110580696115
2024101110350696115
202410111047630909
