2024101112260149195
2024101112440215196
2024101112110324001
2024101112160380104
2024101112470421008
2024101113040421135
2024101113000421160
2024101112440421160
2024101112360421160
2024101112350421160
2024101112340421160
2024101112250421160
2024101113030421162
2024101112420421162
2024101112410421162
2024101113000421167
2024101112250421183
2024101112580435106
2024101112500435106
2024101112550455107
2024101112550455107
2024101112250459107
2024101112490475107
2024101112300495108
2024101112280495108
2024101112420519108
2024101112270519108
2024101112320537110
2024101112360541110
2024101112530546111
2024101112500561111
2024101112250581112
2024101112270621113
2024101112360633114
2024101112070651114
2024101112060651114
2024101112540664115
2024101112300664115
2024101112290664115
2024101112310671115
2024101112360680115
2024101112300682115
2024101112400684115
2024101112280684115
2024101112310686115
2024101112290686115
2024101113010696115
2024101112570696115
2024101112490696115
2024101112300696115
2024101112400768219
2024101112520776221
2024101112072024003
2024101112342024005
202410111223D055122
202410111302D056122
202410111300D056122
202410111244D056122
202410111232D057223
