2024100314520010192
2024100314510084194
2024100315040117194
2024100314260117194
2024100314260117194
2024100314570191196
2024100314590267197
2024100314540325100
2024100314110325100
2024100314430380104
2024100314320398205
2024100314460417206
2024100314300421029
2024100314390421160
2024100314280421160
2024100314260421160
2024100314380421162
2024100314370421162
2024100314480421163
2024100314060421167
2024100315030421186
2024100314500421186
2024100314070421186
2024100314580446107
2024100314590452107
2024100314530477108
2024100314530477108
2024100314530491108
2024100314060491108
2024100314050541110
2024100314230559111
2024100314500571111
2024100314550578112
2024100314280602113
2024100314360625113
2024100314110642114
2024100314250664115
2024100314210666215
2024100315000680115
2024100315000680115
2024100314140707116
2024100314590721002
2024100315040722116
2024100314570740117
2024100314440740117
2024100314590763119
2024100314560763119
2024100314300779222
2024100314260779222
2024100314300781224
2024100314130781224
2024100315042024002
2024100315022024002
2024100314182024002
202410031416D052121
