2024101009000048192
2024101008550215196
2024101008510215196
2024101008440400105
2024101008570417206
2024101008440417206
2024101008360421004
2024101008350421004
2024101008360421029
2024101008140421135
2024101009030421160
2024101008480421160
2024101008470421160
2024101008460421160
2024101008340421160
2024101008070421160
2024101008390421162
2024101008390421167
2024101008270421186
2024101008120421193
2024101009040471207
2024101008300495108
2024101008320500108
2024101008400538110
2024101008550546111
2024101008540546111
2024101008290570111
2024101008530571111
2024101008470578112
2024101008530610113
2024101008450610113
2024101008500619213
2024101008460621113
2024101008360621113
2024101008310621113
2024101008300621113
2024101008110631114
2024101008250637114
2024101008110637114
2024101008420642114
2024101008350642114
2024101008290642114
2024101008370643114
2024101008350671115
2024101009020684115
2024101008450695115
2024101008360695115
2024101009000697115
2024101009030704116
2024101008170704116
2024101008150704116
2024101009010707116
2024101009000707116
2024101008450707116
2024101008280709216
2024101008220709216
2024101008500722116
2024101008520734117
2024101008460734117
2024101008380734117
2024101008300734117
2024101008120758119
2024101009020760119
2024101008390767119
2024101008220781224
2024101008382024005
