2024100914270014192
2024100914580191196
2024100915000253197
2024100914480253197
2024100914070253197
2024100914530267197
2024100914500325100
2024100914560386104
2024100914270398205
2024100914250398205
2024100914240398205
2024100914100400105
2024100914090416206
2024100914250417206
2024100914500421029
2024100914090421059
2024100914350421060
2024100914300421060
2024100914470421135
2024100914450421135
2024100914470421160
2024100914290421160
2024100914280421160
2024100914150421160
2024100914390421163
2024100914380421163
2024100914360421165
2024100914440421166
2024100914080421166
2024100914490421167
2024100915000421186
2024100914330421195
2024100914570432106
2024100914050446107
2024100914130452107
2024100914060452107
2024100914350453107
2024100914250453107
2024100914100453107
2024100914570496108
2024100914350499108
2024100914250499108
2024100915040519108
2024100914520519108
2024100914300538110
2024100914490541110
2024100914480541110
2024100914260552211
2024100914450561111
2024100914230561111
2024100914530565111
2024100914170565111
2024100914470610113
2024100914440610113
2024100914300610113
2024100914180610113
2024100915030621113
2024100914460621113
2024100914550637114
2024100914510637114
2024100914490647114
2024100914150647114
2024100914210648214
2024100914130648214
2024100914510664115
2024100914230666215
2024100914260682115
2024100915040684115
2024100914550684115
2024100914490685115
2024100914410685115
2024100914580690215
2024100914310690215
2024100914130690215
2024100914420691215
2024100914370691215
2024100914590693115
2024100914440693115
2024100914230695115
2024100914370697115
2024100914140704116
2024100915030718116
2024100914470720216
2024100914180720216
2024100914250721002
2024100914440739117
2024100914230749118
2024100914382024005
202410091458630909
202410091415D055122
