2024101717390096194
2024101717170096194
2024101717250277197
2024101717140314197
2024101718030325100
2024101717480325100
2024101717360385104
2024101717240400105
2024101717140400105
2024101717060421001
2024101717090421002
2024101717590421160
2024101717380421160
2024101717350421160
2024101717310421160
2024101717260421160
2024101717140421160
2024101717100421160
2024101717050421160
2024101717300421162
2024101717280421162
2024101717240421162
2024101717210421162
2024101717170421162
2024101717150421163
2024101717080421167
2024101717150421186
2024101717250421191
2024101717530421193
2024101717460421193
2024101717370421193
2024101717180421193
2024101717100421193
2024101717290421195
2024101718000431106
2024101717160431106
2024101717340435106
2024101718010446107
2024101717560446107
2024101717250453107
2024101717200453107
2024101717580455107
2024101717570455107
2024101717320471207
2024101718040537110
2024101717240537110
2024101717540538110
2024101717410559111
2024101717550570111
2024101718030578112
2024101717510578112
2024101718000599212
2024101717160602113
2024101717050602113
2024101717270619213
2024101717300633114
2024101717220648214
2024101717140648214
2024101717370659115
2024101717340666215
2024101717330666215
2024101717080690215
2024101717540691215
2024101718040693115
2024101717520693115
2024101717400693115
2024101717050695115
2024101717360707116
2024101717190720216
2024101717090721002
2024101717410723217
2024101717370723217
2024101717230724117
2024101717240732117
2024101717080767119
2024101717360768219
2024101717420770119
2024101717120775120
2024101717170776221
2024101717290781224
2024101717280781224
202410171801630909
202410171747D052121
202410171744VIP-03
