2024101816160149195
2024101816120215196
2024101817020325100
2024101816520398205
2024101817020400105
2024101816360400105
2024101816150417206
2024101816590421001
2024101816380421002
2024101816150421042
2024101816060421062
2024101816590421160
2024101816410421160
2024101816400421160
2024101816380421160
2024101816320421160
2024101816120421160
2024101816120421160
2024101817030421166
2024101816570421166
2024101816560421166
2024101817000421167
2024101816230421167
2024101816260421169
2024101816270421186
2024101816290435106
2024101816510499108
2024101816480499108
2024101816420499108
2024101816410499108
2024101817030565111
2024101817020565111
2024101816090565111
2024101816560610113
2024101816420610113
2024101816350616113
2024101817020642114
2024101816530642114
2024101816100659115
2024101816440671115
2024101817030691215
2024101817020693115
2024101816550693115
2024101816380695115
2024101816300721002
2024101816200732117
2024101816330763119
2024101816200763119
2024101816590776221
2024101816520779222
2024101816490779222
2024101816252024002
202410181643630909
202410181704D056122
