2024100213380010192
2024100213110014192
2024100213090096194
2024100214030120194
2024100213120191196
2024100213110191196
2024100214020314197
2024100213530326200
2024100213460400105
2024100213410402105
2024100213520416206
2024100213500416206
2024100213440417206
2024100213350417206
2024100213290417206
2024100213230421020
2024100213220421020
2024100213230421060
2024100213570421071
2024100213410421160
2024100213170421160
2024100213140421160
2024100213330421162
2024100213250421165
2024100213240421165
2024100213420421183
2024100213350421183
2024100213080421193
2024100213590432106
2024100213540453107
2024100213180475107
2024100214010495108
2024100213510495108
2024100213130496108
2024100213050499108
2024100213190519108
2024100213060537110
2024100213080541110
2024100213080541110
2024100213440552211
2024100213360561111
2024100213520578112
2024100213440578112
2024100213480581112
2024100214040610113
2024100213560610113
2024100213330624113
2024100213070642114
2024100214020647114
2024100213160659115
2024100213490680115
2024100213490680115
2024100213490681115
2024100213490681115
2024100213390685115
2024100213360685115
2024100213320693115
2024100213110693115
2024100213580696115
2024100213570696115
2024100213550696115
2024100213500718116
2024100213390718116
2024100213120718116
2024100213550728117
2024100213420732117
2024100213240734117
2024100213370745118
2024100213430749118
2024100213520760119
2024100213530776221
2024100213480776221
2024100214042024002
202410021319630910
202410021359D202409005
