2024101407540014192
2024101407350314197
2024101407140314197
2024101407560398205
2024101407410400105
2024101407500421062
2024101407440421135
2024101407440421160
2024101407430421160
2024101407360421160
2024101407180421160
2024101407130421160
2024101407120421160
2024101407380421163
2024101407370421163
2024101407450421178
2024101407310421195
2024101407100429106
2024101407370452107
2024101407050471207
2024101407350495108
2024101407560500108
2024101407530523001
2024101407500571111
2024101407560602113
2024101407590610113
2024101407550647114
2024101407340666215
2024101407050696115
2024101407472024001
202410140734630910
