2024100916210024192
2024100916420149195
2024100916290215196
2024100916320253197
2024100917030267197
2024100916570267197
2024100916290267197
2024100917000325100
2024100916530326200
2024100916080380104
2024100916280386104
2024100916190386104
2024100916320402105
2024100916100402105
2024100916280405205
2024100916050405205
2024100916120417206
2024100916330421135
2024100917020421160
2024100916530421160
2024100916470421160
2024100916150421160
2024100916480421162
2024100916450421162
2024100916420421162
2024100916380421162
2024100916310421165
2024100916290421165
2024100916070421165
2024100916580421166
2024100916280421166
2024100916170421166
2024100916110421166
2024100916100421166
2024100917010421167
2024100916340421186
2024100916590421193
2024100916400421193
2024100916310421193
2024100916280421195
2024100916280432106
2024100916250432106
2024100916300435106
2024100916120452107
2024100917010453107
2024100916580453107
2024100916450453107
2024100916390471207
2024100916580477108
2024100916110477108
2024100916210491108
2024100917040499108
2024100916470499108
2024100916250537110
2024100916320552211
2024100917020561111
2024100916090561111
2024100916550566111
2024100916490599212
2024100916420637114
2024100916220647114
2024100916210647114
2024100916160647114
2024100916090647114
2024100916070647114
2024100917010653114
2024100916100653114
2024100916460657214
2024100916240657214
2024100916070682115
2024100916510684115
2024100916580685115
2024100917040686115
2024100916080686115
2024100916500690215
2024100916330695115
2024100916180695115
2024100916340707116
2024100916420712116
2024100916530718116
2024100916100718116
2024100916270721002
2024100916410722116
2024100916050723217
2024100917040734117
2024100916170739117
2024100916070739117
2024100916330749118
2024100916250758119
2024100916240758119
2024100916510775120
2024100916322024005
202410091659D056122
