2024101615180014192
2024101615120014192
2024101615570024192
2024101615110048192
2024101615270080194
2024101615540326200
2024101615390326200
2024101615210326200
2024101615410350102
2024101615360398205
2024101615100398205
2024101615400400105
2024101615590405205
2024101615580405205
2024101615090405205
2024101615070405205
2024101615500421004
2024101615130421008
2024101615130421060
2024101615080421060
2024101615160421062
2024101616020421071
2024101616030421160
2024101615550421160
2024101615170421160
2024101615100421160
2024101616030421162
2024101615250421162
2024101615240421162
2024101615160421162
2024101615150421162
2024101615280421167
2024101615230421175
2024101616030421188
2024101615590435106
2024101615140446107
2024101615540452107
2024101615480452107
2024101615160478108
2024101615270491108
2024101615550495108
2024101615450535110
2024101615510559111
2024101615310559111
2024101615170567111
2024101615120567111
2024101615280578112
2024101615060578112
2024101615570614113
2024101615550616113
2024101615540616113
2024101615510616113
2024101615490616113
2024101615190625113
2024101615570637114
2024101615260680115
2024101615530690215
2024101615220691215
2024101615130693115
2024101615110693115
2024101615170697115
2024101615110718116
2024101615130719116
2024101615100719116
2024101615420721002
2024101615200722116
2024101615180722116
2024101615110722116
2024101615440723217
2024101615330734117
2024101616030749118
2024101615560756118
2024101615340756118
2024101615230756118
2024101615540758119
2024101615100763119
2024101615562024005
202410161604630909
202410161514D052121
202410161550D057223
202410161514D057223
202410161512D057223
202410161540VIP-02
202410161538VIP-02
202410161519VIP-02
202410161524VIP-03
202410161528VIP-04
