2024101416130014192
2024101416380024192
2024101417000191196
2024101416500215196
2024101417020267197
2024101416520267197
2024101416170267197
2024101416590325100
2024101416450398205
2024101416430398205
2024101417000400105
2024101416130421003
2024101416440421057
2024101416170421151
2024101416070421151
2024101416060421151
2024101416490421160
2024101417040421162
2024101417020421162
2024101417000421162
2024101416380421162
2024101417000421166
2024101416450421166
2024101416450421166
2024101416060421166
2024101416050421166
2024101417030421167
2024101416390421167
2024101416050421169
2024101416160421183
2024101417010421193
2024101416510421193
2024101416250421199
2024101416220421200
2024101416250421201
2024101416410429106
2024101416250446107
2024101417040453107
2024101417030453107
2024101416430453107
2024101416060478108
2024101416070491108
2024101417000495108
2024101416590495108
2024101416450495108
2024101416430495108
2024101416350495108
2024101416320495108
2024101416290495108
2024101416050495108
2024101416210538110
2024101416350552211
2024101416150552211
2024101416550559111
2024101416540559111
2024101416400559111
2024101417040565111
2024101416460578112
2024101416340581112
2024101417040602113
2024101417010602113
2024101416490610113
2024101416230610113
2024101416320624113
2024101416100643114
2024101416180647114
2024101416140647114
2024101416400648214
2024101416280648214
2024101416280648214
2024101416510659115
2024101416470666215
2024101416060667215
2024101417030671115
2024101416520671115
2024101416400685115
2024101416350685115
2024101416410695115
2024101416510704116
2024101416310707116
2024101416090707116
2024101416380720216
2024101416050721002
2024101416160722116
2024101417000723217
2024101416580739117
2024101416470750118
2024101416092024005
202410141617630910
202410141633D055122
