2024101610440117194
2024101610440117194
2024101610570120194
2024101610510277197
2024101610410277197
2024101610270314197
2024101610500398205
2024101610450398205
2024101610440398205
2024101610420398205
2024101610210405205
2024101610350416206
2024101610180416206
2024101610130421062
2024101610410421071
2024101610300421135
2024101610250421162
2024101610250421162
2024101610540421165
2024101610220421165
2024101610250421167
2024101610410421188
2024101610270421193
2024101610220421193
2024101610190421193
2024101610220455107
2024101610300491108
2024101610390495108
2024101610300496108
2024101610440500108
2024101610220546111
2024101610490559111
2024101611020565111
2024101610280565111
2024101610580578112
2024101610520578112
2024101611030581112
2024101610550614113
2024101610430616113
2024101610590681115
2024101610590681115
2024101610370691215
2024101611040697115
2024101611030712116
2024101610060721002
2024101610290723217
2024101610290723217
2024101610280723217
2024101610210723217
2024101610210723217
2024101610390776221
2024101610110776221
2024101611022024004
2024101610562024005
202410161031D052121
202410161012D052121
202410161016D057223
202410161014D057223
202410161013D057223
202410161036D202409007
