2024100216350010192
2024100216280010192
2024100216060010192
2024100216530024192
2024100216240024192
2024100216590326200
2024100216270350102
2024100216300380104
2024100216290380104
2024100216230386104
2024100216420398205
2024100217000400105
2024100216590400105
2024100216430417206
2024100216300421002
2024100216070421004
2024100216210421008
2024100216180421008
2024100216400421020
2024100216280421060
2024100216500421151
2024100217020421160
2024100216580421160
2024100216490421160
2024100216440421160
2024100216360421160
2024100216270421160
2024100216130421160
2024100217030421162
2024100216550421162
2024100216520421162
2024100216420421166
2024100216410421166
2024100216220421183
2024100216050421191
2024100216580421193
2024100216500421193
2024100216260421193
2024100216330432106
2024100216320432106
2024100217040475107
2024100216520475107
2024100216380491108
2024100216210523001
2024100216240537110
2024100216120541110
2024100216110541110
2024100216260552211
2024100216050566111
2024100216550578112
2024100216330599212
2024100216580633114
2024100216390633114
2024100216350637114
2024100216190647114
2024100216490648214
2024100216380657214
2024100216410659115
2024100217020685115
2024100216550691215
2024100216520693115
2024100216290693115
2024100216100693115
2024100216380695115
2024100217010696115
2024100216580696115
2024100216280704116
2024100216460707116
2024100216430707116
2024100216370707116
2024100216580712116
2024100216340712116
2024100216120732117
2024100216370739117
2024100216410762219
2024100216480768219
2024100216530770119
2024100216460770119
2024100216570781224
2024100216500781224
2024100216430781224
202410021605D057223
