2024101009190048192
2024101009450120194
2024101009250215196
2024101009180326200
2024101009100326200
2024101009160380104
2024101009490385104
2024101009130385104
2024101009360398205
2024101009350398205
2024101009170398205
2024101009200402105
2024101009420416206
2024101009470421002
2024101009590421008
2024101009270421059
2024101009250421059
2024101009200421059
2024101009500421061
2024101009380421135
2024101009160421160
2024101009130421160
2024101009380421162
2024101009370421162
2024101009350421162
2024101009170421162
2024101009150421162
2024101009520421167
2024101009500421167
2024101009070421167
2024101009130421186
2024101009240421188
2024101010040435106
2024101009230435106
2024101009060452107
2024101009260455107
2024101009260455107
2024101009270463107
2024101010000471207
2024101009450471207
2024101009090477108
2024101009280491108
2024101009180519108
2024101009170519108
2024101009130519108
2024101009120537110
2024101009420546111
2024101009070561111
2024101009460565111
2024101009410565111
2024101009400565111
2024101009350565111
2024101009460570111
2024101009170610113
2024101009320614113
2024101009310614113
2024101009490624113
2024101009160631114
2024101009150631114
2024101009480636114
2024101009350636114
2024101009500643114
2024101009270651114
2024101009260651114
2024101009230651114
2024101009190651114
2024101009350652114
2024101009290659115
2024101009380664115
2024101009140666215
2024101009190667215
2024101009170667215
2024101009050667215
2024101009550671115
2024101009450682115
2024101009190684115
2024101009240686115
2024101009260695115
2024101009540707116
2024101009060708116
2024101009170716116
2024101009320722116
2024101009150727117
2024101009130727117
2024101009130732117
2024101009090732117
2024101009340740117
2024101009270740117
2024101009120745118
2024101009100745118
2024101009270749118
2024101009430750118
2024101009500760119
2024101009440760119
2024101009090760119
2024101009480767119
2024101009440767119
2024101009410776221
2024101009560779222
2024101009380781224
2024101009280781224
2024101009182024005
202410100911D053121
202410100905D055122
