2024100311270010192
2024100311110024192
2024100311530084194
2024100311440084194
2024100311280084194
2024100311550191196
2024100311590215196
2024100311430215196
2024100311310215196
2024100311470267197
2024100311480314197
2024100311310314197
2024100311320325100
2024100311580351102
2024100311360380104
2024100311310380104
2024100311130380104
2024100311480398205
2024100311100398205
2024100311380417206
2024100311500421029
2024100312000421160
2024100311500421160
2024100311130421160
2024100311060421162
2024100311090421193
2024100311070421193
2024100311580463107
2024100311410475107
2024100311510500108
2024100311180537110
2024100311580541110
2024100311400541110
2024100311330541110
2024100311330541110
2024100311350559111
2024100311490571111
2024100311280571111
2024100311500578112
2024100311470578112
2024100311530610113
2024100311180616113
2024100311230619213
2024100311500624113
2024100312040625113
2024100311500625113
2024100311520653114
2024100311520664115
2024100311160671115
2024100311520704116
2024100311410720216
2024100312020721002
2024100311460740117
2024100311420740117
2024100311170740117
2024100311160740117
2024100311530750118
2024100311120750118
2024100311210770119
2024100311390776221
2024100311340776221
202410031132D052121
202410031142D055122
202410031137D055122
