2024101410450120194
2024101410490215196
2024101411020267197
2024101411040314197
2024101410410350102
2024101410420398205
2024101410290421062
2024101410400421135
2024101410240421156
2024101410590421160
2024101410120421160
2024101410080421160
2024101410060421160
2024101411030421162
2024101410210421162
2024101410190421162
2024101410130421166
2024101410220421167
2024101410150421183
2024101410140421193
2024101410440432106
2024101410410432106
2024101410330446107
2024101410210453107
2024101410160453107
2024101410120453107
2024101410390471207
2024101410360471207
2024101410460478108
2024101410470495108
2024101410360495108
2024101410300500108
2024101410100552211
2024101410560565111
2024101410180566111
2024101410360578112
2024101410240610113
2024101410330616113
2024101410180616113
2024101410200647114
2024101410260652114
2024101410240667215
2024101410150667215
2024101410590691215
2024101410330697115
2024101410510708116
2024101410490708116
2024101410500721002
2024101410160721002
2024101410450723217
2024101410320723217
2024101410320723217
2024101410300723217
2024101410520739117
2024101410420740117
2024101410450749118
2024101410510762219
2024101410090764119
2024101410580775120
2024101410270776221
202410141016D055122
202410141029D057223
202410141026D057223
202410141015D057223
