2024101019360405205
2024101019350405205
2024101019080405205
2024101019310421029
2024101019450421057
2024101019320421057
2024101019450421152
2024101019420421163
2024101019080421163
2024101020000421165
2024101019450421174
2024101019310421174
2024101019410421188
2024101019470421193
2024101019160421193
2024101019220421195
2024101019460421199
2024101019460421200
2024101019320421200
2024101019450421201
2024101019300421201
2024101019490421204
2024101019210453107
2024101019380491108
2024101019130491108
2024101019220610113
2024101019380642114
2024101019350642114
2024101019080664115
2024101019190749118
2024101019452024001
2024101019152024001
2024101020002024005
2024101019462024005
2024101019222024005
