2024101020260215196
2024101020370324001
2024101021000421029
2024101020450421135
2024101020500421160
2024101020490421160
2024101020360421160
2024101020210421160
2024101020130421160
2024101020490421163
2024101020180421163
2024101020510421188
2024101020190421195
2024101020520421206
2024101020510421206
2024101020480491108
2024101020350610113
2024101020580664115
2024101020310664115
2024101020170664115
2024101021010707116
2024101020490707116
2024101020450707116
2024101020212024005
2024101020092024005
