2024101716230024192
2024101716580084194
2024101716460084194
2024101716400084194
2024101716400084194
2024101716390084194
2024101716340084194
2024101716250084194
2024101716180084194
2024101716160084194
2024101716150084194
2024101716140084194
2024101716130084194
2024101716120084194
2024101716110084194
2024101716070084194
2024101716230096194
2024101716210149195
2024101716570191196
2024101716530215196
2024101717040267197
2024101717010267197
2024101716350267197
2024101716410277197
2024101716550325100
2024101716290371204
2024101716560386104
2024101716230398205
2024101716340402105
2024101716290402105
2024101716140417206
2024101716570421002
2024101716450421003
2024101717030421042
2024101716320421156
2024101716360421160
2024101716220421160
2024101716490421162
2024101716480421162
2024101716260421162
2024101716150421165
2024101717010421166
2024101716130421166
2024101716090421166
2024101716070421175
2024101716300421191
2024101716150421191
2024101716130421191
2024101716450421193
2024101716440421193
2024101716310421193
2024101716150421193
2024101716170421195
2024101716230431106
2024101716090431106
2024101716370432106
2024101716520453107
2024101717030463107
2024101716460463107
2024101716450466207
2024101717020477108
2024101716350499108
2024101716310499108
2024101716110499108
2024101716370519108
2024101716370537110
2024101717000538110
2024101716280552211
2024101716230552211
2024101716190563111
2024101716250566111
2024101716500570111
2024101716340571111
2024101717040581112
2024101716100610113
2024101716510624113
2024101716500624113
2024101716330624113
2024101716370625113
2024101716050625113
2024101716180647114
2024101716310664115
2024101716230664115
2024101717010671115
2024101716060671115
2024101716540680115
2024101716520680115
2024101717020690215
2024101716550693115
2024101716510693115
2024101717040695115
2024101716450695115
2024101716510704116
2024101716440709216
2024101716200720216
2024101716140722116
2024101716460724117
2024101717030740117
2024101717020740117
2024101716510740117
2024101716430740117
2024101716380740117
2024101716380740117
2024101716380740117
2024101716370740117
2024101716370740117
2024101716350740117
2024101716340740117
2024101716330740117
2024101716320740117
2024101716320740117
2024101716310740117
2024101716300740117
2024101716290740117
2024101716280740117
2024101716270740117
2024101716260740117
2024101716260740117
2024101716090740117
2024101716070740117
2024101716290756118
2024101716110756118
2024101716070762219
2024101716200763119
2024101716220767119
2024101716560781224
2024101716382024002
2024101716402024003
202410171617D057223
202410171617D057223
202410171629VIP-03
202410171626VIP-03
