2024101511520024192
2024101511050084194
2024101511170120194
2024101511490191196
2024101511560215196
2024101511180253197
2024101512010314197
2024101511400314197
2024101511510386104
2024101511290398205
2024101511330405205
2024101511460421004
2024101511360421008
2024101511510421029
2024101511170421125
2024101511150421125
2024101511480421160
2024101511080421162
2024101511520421167
2024101511510421167
2024101511220421167
2024101511550421186
2024101511500432106
2024101511300453107
2024101511110453107
2024101512010463107
2024101511430471207
2024101511320475107
2024101511410477108
2024101511490478108
2024101511080478108
2024101511460495108
2024101511350495108
2024101511130495108
2024101511530541110
2024101511330541110
2024101511330541110
2024101511070552211
2024101511320565111
2024101511070566111
2024101512020616113
2024101511480621113
2024101511450624113
2024101511480685115
2024101511430685115
2024101511520690215
2024101511540693115
2024101511220697115
2024101511100697115
2024101511530734117
2024101511190734117
2024101511340739117
2024101511160767119
2024101511280770119
2024101511260770119
2024101511480780123
2024101511420780123
2024101512012024004
2024101511332024004
202410151204D055122
