2024101611580215196
2024101611440253197
2024101611480325100
2024101611460326200
2024101611500386104
2024101611360402105
2024101611450421029
2024101611310421059
2024101611170421060
2024101612020421062
2024101611230421160
2024101611360421162
2024101611100421162
2024101611060421165
2024101611260421167
2024101612000421188
2024101611540421188
2024101611350435106
2024101611590446107
2024101611520455107
2024101611560478108
2024101611340559111
2024101611460565111
2024101611080565111
2024101611470566111
2024101611340566111
2024101611200567111
2024101611350581112
2024101611250581112
2024101611130602113
2024101611090602113
2024101611420616113
2024101611550625113
2024101611280625113
2024101612040647114
2024101611480647114
2024101611280647114
2024101611050657214
2024101611430671115
2024101611380680115
2024101611090681115
2024101611090681115
2024101611540707116
2024101611330707116
2024101611320707116
2024101611200707116
2024101611500718116
2024101611430718116
2024101611200718116
2024101611050721002
2024101611470722116
2024101611130722116
2024101611050732117
2024101611470734117
2024101611240734117
2024101611080752118
2024101611170763119
2024101611520768219
2024101611200780123
2024101611170781224
2024101611120781224
2024101611552024003
2024101611562024004
