2024100907170314197
2024100907060314197
2024100907100380104
2024100907370402105
2024100907170416206
2024100907110416206
2024100907300421029
2024100907110421062
2024100907050421135
2024100907550421160
2024100907380421160
2024100907160421160
2024100907490421162
2024100907470421162
2024100907130421162
2024100907080421162
2024100907180421183
2024100907540421195
2024100907520421195
2024100907590429106
2024100907450432106
2024100907370452107
2024100907050471207
2024100907430475107
2024100907570499108
2024100907590523001
2024100907260571111
2024100907500602113
2024100907480602113
2024100908030633114
2024100907550647114
2024100907250647114
2024100907340666215
2024100907570686115
2024100907340686115
2024100907340686115
2024100907370718116
2024100907200728117
2024100907510781224
2024100907430781224
202410090750630909
202410090747630909
