2024101515290084194
2024101515350117194
2024101515200117194
2024101515270120194
2024101515390314197
2024101515550325100
2024101515410325100
2024101515290385104
2024101515530386104
2024101515070405205
2024101515560421020
2024101515580421062
2024101515160421062
2024101515550421125
2024101515480421135
2024101515420421135
2024101515380421135
2024101515550421160
2024101515490421160
2024101515360421160
2024101515340421160
2024101515180421160
2024101516040421162
2024101516000421162
2024101515570421162
2024101515260421162
2024101516030421165
2024101515430421165
2024101515370421175
2024101515450421186
2024101515300421193
2024101515360453107
2024101515230453107
2024101515540478108
2024101515170495108
2024101515100495108
2024101515470538110
2024101515370541110
2024101515270541110
2024101516040552211
2024101515170552211
2024101516020578112
2024101515370610113
2024101515340621113
2024101515080671115
2024101515450685115
2024101515550712116
2024101515480712116
2024101515590724117
2024101515180724117
2024101515170724117
2024101515590734117
2024101515330734117
2024101515230734117
2024101515500739117
2024101515190740117
2024101515440753118
2024101515440753118
2024101515532024004
2024101515332024004
2024101515062024004
2024101515322024005
202410151601630909
202410151522D202409007
