2024100210090010192
2024100210530014192
2024100210190024192
2024100210550117194
2024100210590120194
2024100210280191196
2024100210560215196
2024100210560215196
2024100210500215196
2024100210140215196
2024100210140326200
2024100210490385104
2024100211040398205
2024100210240421060
2024100210300421071
2024100210590421135
2024100210070421135
2024100210540421160
2024100210530421160
2024100210520421160
2024100210300421162
2024100210200421165
2024100210180421165
2024100210200421166
2024100210080421183
2024100210290421188
2024100210410421193
2024100210530453107
2024100210400453107
2024100210220453107
2024100210270471207
2024100210430495108
2024100210420495108
2024100210370495108
2024100210200495108
2024100210060495108
2024100211010499108
2024100210100499108
2024100211020519108
2024100210110552211
2024100210490561111
2024100210320570111
2024100210490610113
2024100210390610113
2024100211010642114
2024100210420642114
2024100210450671115
2024100210480691215
2024100210160704116
2024100210300718116
2024100210380721002
2024100210210723217
2024100210440728117
2024100210410728117
2024100210500734117
2024100210120739117
2024100211000760119
2024100210200779222
2024100210370780123
2024100210272024001
2024100210452024002
2024100210402024002
2024100210282024002
2024100210172024003
202410021045D055122
202410021102D202409007
