2024100809520014192
2024100809490024192
2024100809420024192
2024100809230048192
2024100809360084194
2024100809530120194
2024100809340120194
2024100809570156195
2024100809070191196
2024100809570324001
2024100809280324001
2024100809210398205
2024100809480405205
2024100809340416206
2024100809560417206
2024100809240417206
2024100809400421001
2024100809340421001
2024100810030421004
2024100809150421004
2024100809260421060
2024100809300421135
2024100810040421160
2024100810030421160
2024100809580421160
2024100809550421160
2024100809420421160
2024100809400421160
2024100809390421160
2024100809580421162
2024100809370421162
2024100809370421162
2024100809170421163
2024100809510421183
2024100809360421193
2024100809180435106
2024100809120452107
2024100809530455107
2024100809530455107
2024100809440463107
2024100809380466207
2024100809120471207
2024100809270477108
2024100809170477108
2024100810020491108
2024100809300496108
2024100810020500108
2024100809340500108
2024100809240519108
2024100809240519108
2024100809430537110
2024100810040541110
2024100809570541110
2024100809480552211
2024100809150552211
2024100809110552211
2024100809540559111
2024100809500559111
2024100809460559111
2024100809090559111
2024100809290561111
2024100809260561111
2024100809250561111
2024100809220561111
2024100809360563111
2024100809440565111
2024100809250565111
2024100809240565111
2024100809320570111
2024100809430581112
2024100809100610113
2024100809390621113
2024100809460624113
2024100809310624113
2024100809300624113
2024100809510648214
2024100809510648214
2024100809090651114
2024100809390657214
2024100809230659115
2024100809420664115
2024100809420664115
2024100809370671115
2024100809590680115
2024100809580680115
2024100809570680115
2024100809120684115
2024100809070684115
2024100809180685115
2024100809140685115
2024100809130685115
2024100809420686115
2024100809100686115
2024100810020693115
2024100810010695115
2024100809170695115
2024100809290696115
2024100809570697115
2024100809440697115
2024100809060708116
2024100809380718116
2024100809240723217
2024100809310724117
2024100809300739117
2024100809120749118
2024100809390752118
2024100809290763119
2024100809220768219
2024100809150768219
2024100809330775120
2024100809300775120
2024100809090776221
2024100809132024001
2024100809412024002
202410080943630909
202410081000D053121
202410080958D053121
202410080957D053121
202410080957D053121
202410080923D053121
202410080939D055122
