2024101714210014192
2024101714580024192
2024101714450084194
2024101714410084194
2024101714320084194
2024101714150117194
2024101714150117194
2024101714500120194
2024101714490120194
2024101714380215196
2024101714450253197
2024101714510267197
2024101714170277197
2024101714520314197
2024101714480386104
2024101714550416206
2024101714330421001
2024101714080421008
2024101714470421160
2024101714460421160
2024101714460421160
2024101714440421160
2024101714330421160
2024101714130421160
2024101714250421162
2024101714240421162
2024101714240421162
2024101715030421165
2024101715020421165
2024101714480421167
2024101714240421167
2024101714550452107
2024101714050452107
2024101714430453107
2024101714320453107
2024101714550455107
2024101714130459107
2024101714420471207
2024101714490478108
2024101714450478108
2024101714510496108
2024101714260538110
2024101714480546111
2024101714450546111
2024101714450546111
2024101714170546111
2024101714150546111
2024101714100546111
2024101714070546111
2024101714060546111
2024101714180552211
2024101714560559111
2024101714390563111
2024101714100563111
2024101714240570111
2024101714370571111
2024101714370571111
2024101714360571111
2024101714560578112
2024101715000581112
2024101714240594112
2024101714150633114
2024101714170636114
2024101714530647114
2024101715010657214
2024101714500657214
2024101714150659115
2024101714560671115
2024101714590677115
2024101714540677115
2024101715020718116
2024101714370718116
2024101714200721002
2024101714520724117
2024101714280740117
2024101714510762219
2024101715000763119
2024101714540763119
2024101714260764119
2024101714450767119
2024101714370767119
2024101714430775120
2024101714430775120
2024101714412024002
202410171422D052121
202410171458D057223
202410171456D057223
202410171438D057223
