2024101518010120194
2024101517540120194
2024101517370215196
2024101517570253197
2024101517100314197
2024101517440325100
2024101517290421001
2024101518030421002
2024101518030421003
2024101517580421020
2024101517580421020
2024101517540421020
2024101517510421020
2024101517350421020
2024101517430421135
2024101517580421160
2024101517090421160
2024101517390421162
2024101517380421162
2024101517360421162
2024101517270421162
2024101517170421162
2024101517490421193
2024101517450421193
2024101517060421193
2024101517110421195
2024101517100421206
2024101517050421206
2024101517420471207
2024101517360471207
2024101517060471207
2024101517280495108
2024101517280495108
2024101518030538110
2024101517450538110
2024101517380538110
2024101517150571111
2024101517140571111
2024101517090571111
2024101517570616113
2024101517320666215
2024101517540671115
2024101517340671115
2024101517220693115
2024101517160723217
2024101517180753118
2024101517490758119
2024101517550770119
2024101517470770119
2024101517580776221
2024101517570781224
2024101517350781224
2024101517110781224
2024101517052024004
202410151705D052121
202410151801D057223
202410151800D057223
202410151726D057223
202410151724D057223
202410151713D057223
202410151708D057223
202410151707VIP-03
202410151718VIP-04
