2024100818060120194
2024100818290123001
2024100818130156195
2024100818290215196
2024100818270215196
2024100818520277197
2024100818350277197
2024100818050417206
2024100818350421003
2024100818420421004
2024100818520421160
2024100818470421160
2024100818420421160
2024100818400421160
2024100818350421160
2024100818290421160
2024100819010421162
2024100818090421162
2024100818360421163
2024100818380421165
2024100819020421193
2024100818120421193
2024100818080421193
2024100818320537110
2024100818160537110
2024100818260538110
2024100818170538110
2024100819010541110
2024100818070578112
2024100818130581112
2024100818310633114
2024100818130642114
2024100818110642114
2024100818080648214
2024100818270653114
2024100818200653114
2024100818340659115
2024100818340659115
2024100818150664115
2024100818050666215
2024100818210671115
2024100818170671115
2024100818120685115
2024100818050685115
2024100818220696115
2024100818380707116
2024100818310723217
2024100818170728117
2024100818330749118
2024100818060763119
2024100819012024003
