2024100713580010192
2024100713270010192
2024100713580014192
2024100713290014192
2024100714020048192
2024100713110084194
2024100713480117194
2024100713480117194
2024100714020215196
2024100713540215196
2024100713520215196
2024100713510215196
2024100713440215196
2024100713570253197
2024100713400277197
2024100713120380104
2024100713540398205
2024100713400398205
2024100713220398205
2024100713100398205
2024100713050398205
2024100713590400105
2024100713200416206
2024100713500417206
2024100713190421003
2024100713180421008
2024100713420421151
2024100713390421160
2024100713350421160
2024100713340421160
2024100713270421160
2024100713250421160
2024100713130421160
2024100714020421162
2024100713440421162
2024100713100421165
2024100713470421166
2024100713340421166
2024100713280421166
2024100713240421166
2024100713160421166
2024100713060421167
2024100713360421188
2024100713250421188
2024100713140421193
2024100713540431106
2024100713080431106
2024100713070431106
2024100713420446107
2024100713280452107
2024100713250453107
2024100713080453107
2024100713160471207
2024100713590495108
2024100713510495108
2024100714030499108
2024100713570499108
2024100713110523001
2024100713140538110
2024100713420552211
2024100713110552211
2024100713590559111
2024100713570559111
2024100713310561111
2024100714030565111
2024100713400565111
2024100713310565111
2024100713270565111
2024100713050565111
2024100713070566111
2024100713370578112
2024100713070578112
2024100714030581112
2024100714020602113
2024100713490610113
2024100714000636114
2024100714000647114
2024100713590647114
2024100713590647114
2024100713550647114
2024100713110647114
2024100713100647114
2024100713100651114
2024100713260652114
2024100713190666215
2024100713180666215
2024100713540667215
2024100713110667215
2024100713490671115
2024100714010682115
2024100713490682115
2024100713110684115
2024100713400685115
2024100713500686115
2024100713170686115
2024100713590690215
2024100714020691215
2024100713340693115
2024100713170693115
2024100713360695115
2024100713190708116
2024100713250718116
2024100713590720216
2024100713090724117
2024100713470728117
2024100713410734117
2024100714030740117
2024100713450740117
2024100713570780123
2024100713192024002
202410071329630909
202410071347D055122
202410071311D202409007
