2024100313490084194
2024100313380084194
2024100313360084194
2024100313280084194
2024100313080215196
2024100313090267197
2024100313490416206
2024100313400417206
2024100313320417206
2024100313530421029
2024100313420421135
2024100313340421151
2024100313080421163
2024100313480421167
2024100314010421193
2024100313110421193
2024100313110421193
2024100313550421195
2024100314020471207
2024100313190471207
2024100314040541110
2024100313220571111
2024100313500581112
2024100313220614113
2024100313070614113
2024100313180625113
2024100313070664115
2024100313270671115
2024100313120671115
2024100313550680115
2024100313540680115
2024100313430680115
2024100313320680115
2024100313540682115
2024100313490682115
2024100313400695115
2024100313310720216
2024100314040722116
2024100313330750118
2024100313420776221
2024100313220776221
2024100313050776221
2024100313270781224
2024100313462024002
2024100313092024002
202410031402D053121
202410031318D055122
202410031338D057223
202410031332D057223
