2024100918020048192
2024100917370215196
2024100917160314197
2024100917520324001
2024100917340380104
2024100917090400105
2024100917190421042
2024100918040421160
2024100917380421162
2024100917320421162
2024100917500421186
2024100918020421193
2024100917400421193
2024100917300421193
2024100917220421193
2024100917150421193
2024100917230435106
2024100917140446107
2024100917170471207
2024100917510475107
2024100917080519108
2024100917280537110
2024100918000538110
2024100917570565111
2024100917520578112
2024100917390581112
2024100917190581112
2024100917170602113
2024100917500610113
2024100917170610113
2024100917130610113
2024100917280619213
2024100917170621113
2024100917150621113
2024100917180648214
2024100917160651114
2024100917140651114
2024100917250664115
2024100917180664115
2024100917580666215
2024100917400671115
2024100917060682115
2024100917060686115
2024100917210691215
2024100917190691215
2024100918030693115
2024100917500693115
2024100917060704116
2024100918030718116
2024100917530720216
2024100917500720216
2024100917400722116
2024100918030723217
2024100917270732117
2024100917230732117
2024100918030750118
2024100917190750118
2024100917202024002
202410091737630909
202410091734630909
