2024101518370215196
2024101518360215196
2024101518440385104
2024101518360385104
2024101518420405205
2024101518270421004
2024101518440421020
2024101518550421135
2024101518370421135
2024101518430421152
2024101518230421160
2024101518270421162
2024101518220421162
2024101518110421162
2024101518200421186
2024101518490421193
2024101518100421193
2024101518070452107
2024101518280495108
2024101518230495108
2024101518200495108
2024101518380570111
2024101518200570111
2024101518240571111
2024101518100610113
2024101518270616113
2024101518130616113
2024101518390664115
2024101518050664115
2024101518120671115
2024101518500693115
2024101518210712116
2024101518070712116
2024101518270732117
2024101518250732117
2024101518100732117
2024101518380753118
2024101518380753118
2024101518252024001
2024101518182024005
202410151814630909
202410151832D057223
