2024101108190080194
2024101108210215196
2024101108100215196
2024101108190380104
2024101108560421135
2024101108080421135
2024101108270421152
2024101108480421160
2024101108430421160
2024101108420421160
2024101108100421160
2024101108180421162
2024101108160421162
2024101108150421162
2024101108460421166
2024101108310421166
2024101108300421166
2024101108420421167
2024101108380421167
2024101108370421167
2024101108410421174
2024101108350421178
2024101108590421193
2024101108500421193
2024101108320421193
2024101108520421195
2024101108500421199
2024101108510421200
2024101108430421201
2024101108520421206
2024101108360421206
2024101108360421206
2024101108350421207
2024101108230429106
2024101108210429106
2024101108560499108
2024101108470541110
2024101108480552211
2024101108420552211
2024101108190552211
2024101108110552211
2024101108390578112
2024101108350610113
2024101108190610113
2024101108580621113
2024101108230633114
2024101108310643114
2024101108520651114
2024101108500651114
2024101108410674115
2024101108540684115
2024101108520696115
2024101108500696115
2024101108440768219
2024101108260776221
202410110855D053121
