2024101708210048192
2024101708550096194
2024101708210191196
2024101708310215196
2024101708300215196
2024101708070215196
2024101708300253197
2024101708240267197
2024101708100267197
2024101708060267197
2024101708260314197
2024101708130325100
2024101708060325100
2024101708180385104
2024101708480386104
2024101708210398205
2024101708220421001
2024101708200421001
2024101709020421029
2024101708460421062
2024101708400421160
2024101708310421160
2024101708230421160
2024101708400421162
2024101708370421162
2024101708580421166
2024101708490421166
2024101708460421167
2024101708450421167
2024101708470421175
2024101708200421178
2024101709010421186
2024101708180421186
2024101708420421199
2024101708410421200
2024101708430421201
2024101708280421204
2024101708310432106
2024101708280432106
2024101708560459107
2024101708230471207
2024101708170471207
2024101708060471207
2024101708330477108
2024101708290477108
2024101708450478108
2024101708220478108
2024101708160495108
2024101708160495108
2024101708570496108
2024101708530496108
2024101708100499108
2024101708440523001
2024101708390546111
2024101708330552211
2024101708270552211
2024101708250578112
2024101708270594112
2024101708290602113
2024101708060602113
2024101708340610113
2024101708080610113
2024101708440624113
2024101708430624113
2024101708330625113
2024101708210657214
2024101709020671115
2024101708240674115
2024101708250690215
2024101708250690215
2024101708470695115
2024101708340697115
2024101708110697115
2024101708240704116
2024101708220704116
2024101708130707116
2024101708260709216
2024101708100712116
2024101708550718116
2024101708490718116
2024101708470719116
2024101708170722116
2024101708320734117
2024101708260734117
2024101708060763119
2024101708480770119
2024101708520780123
202410170820D056122
