2024100707000010192
2024100706290010192
2024100706120024192
2024100707040314197
2024100707000314197
2024100706540380104
2024100706340402105
2024100706080402105
2024100706590421135
2024100706500421160
2024100706470421160
2024100706330421160
2024100706060421160
2024100706560421162
2024100706520421162
2024100706150421162
2024100706150421162
2024100706070421162
2024100706550421163
2024100706090421163
2024100706060421163
2024100707030471207
2024100706480523001
2024100706580696115
2024100706570696115
2024100706550696115
2024100706550696115
2024100706420696115
2024100706100696115
2024100706570728117
2024100706170728117
202410070702D202409007
