2024101117200421162
2024101117180421162
2024101117130421162
2024101117050421167
2024101117510421174
2024101117550421183
2024101117440421183
2024101117490421193
2024101117080421193
2024101117050421193
2024101117550421195
2024101117300475107
2024101118020633114
2024101117270671115
2024101117150671115
2024101117310681115
2024101117310681115
2024101117230681115
2024101117230681115
2024101117380684115
2024101117480722116
2024101117230722116
2024101117410768219
2024101117450776221
202410111727D055122
202410111726D056122
202410111802D202409006
