2024101613270014192
2024101613120014192
2024101613080014192
2024101613160024192
2024101613060215196
2024101613480253197
2024101613310253197
2024101613570277197
2024101613410277197
2024101614020398205
2024101613180398205
2024101613070398205
2024101613240400105
2024101613060402105
2024101613490416206
2024101613440421029
2024101613560421042
2024101613230421042
2024101613220421042
2024101614010421060
2024101613310421062
2024101613340421156
2024101613320421156
2024101613550421160
2024101613540421160
2024101613480421160
2024101613460421160
2024101613400421160
2024101613370421160
2024101613360421160
2024101613210421160
2024101613540421162
2024101613390421167
2024101613130421167
2024101613070421188
2024101613440452107
2024101613270466207
2024101613350475107
2024101614040495108
2024101613220499108
2024101613260535110
2024101614010546111
2024101613200567111
2024101613160567111
2024101613460578112
2024101613420578112
2024101613070602113
2024101613230610113
2024101613090610113
2024101614000616113
2024101613270624113
2024101613380637114
2024101613050637114
2024101613240671115
2024101613050671115
2024101613070680115
2024101613210690215
2024101613280693115
2024101613130693115
2024101613060693115
2024101613270697115
2024101613130697115
2024101613370704116
2024101613370718116
2024101613210719116
2024101613200719116
2024101613290723217
2024101614020734117
2024101614000734117
2024101613170734117
2024101613540739117
2024101613100739117
2024101613540752118
2024101613210752118
2024101613090752118
2024101613230756118
2024101613080756118
2024101613450770119
2024101613290770119
2024101613432024005
202410161322D052121
202410161316D052121
202410161325D056122
202410161323D056122
202410161322D057223
202410161321D057223
202410161320D057223
202410161319VIP-02
202410161316VIP-03
202410161313VIP-03
