2024100418320120194
2024100418250215196
2024100418050253197
2024100418400350102
2024100418220421001
2024100418160421125
2024100419030421160
2024100418560421160
2024100418530421160
2024100418490421160
2024100418430421160
2024100418470421162
2024100418440421162
2024100418430421162
2024100418420421162
2024100418400421162
2024100418280421162
2024100418210421162
2024100419040421163
2024100418270421165
2024100418170421165
2024100418170421191
2024100418550499108
2024100418070499108
2024100418370570111
2024100418070578112
2024100418240695115
2024100418210695115
2024100418180704116
2024100418090704116
2024100418160749118
2024100418410768219
2024100418132024005
202410041848630909
202410041851D202409006
202410041853D202409007
