2024100908230024192
2024100908560048192
2024100909030215196
2024100908400253197
2024100908350253197
2024100908420267197
2024100908380267197
2024100908500324001
2024100908370324001
2024100908270324001
2024100908460325100
2024100908380325100
2024100908580380104
2024100908540380104
2024100908050380104
2024100908430386104
2024100908160398205
2024100908500400105
2024100908450402105
2024100908310405205
2024100908230421004
2024100908210421004
2024100908160421163
2024100908560421166
2024100908400421166
2024100908350421166
2024100908320421166
2024100908310421166
2024100908190421167
2024100908130421167
2024100908120421167
2024100908550421186
2024100908090421193
2024100908490432106
2024100908420432106
2024100908410446107
2024100908110446107
2024100909010453107
2024100909010471207
2024100908170500108
2024100908350552211
2024100908530566111
2024100908360566111
2024100908490578112
2024100908150602113
2024100909020610113
2024100908210610113
2024100908130610113
2024100909030621113
2024100908510637114
2024100908060647114
2024100908430653114
2024100908230653114
2024100909030685115
2024100908580685115
2024100908570696115
2024100908420696115
2024100908100704116
2024100908090704116
2024100908230707116
2024100909010722116
2024100908550722116
2024100908100728117
2024100908580734117
2024100908520750118
2024100908490750118
2024100908480763119
2024100908060763119
2024100908440780123
202410090856D053121
202410090858D055122
202410090812D057223
