2024101411230014192
2024101411090024192
2024101411180048192
2024101411510084194
2024101411380084194
2024101411370084194
2024101411260156195
2024101411260156195
2024101411210156195
2024101411540215196
2024101411200215196
2024101411150215196
2024101411450267197
2024101411490314197
2024101411470325100
2024101411220350102
2024101411590421062
2024101412040421160
2024101411570421160
2024101411360421160
2024101411210421160
2024101411270421162
2024101411410421163
2024101411450421166
2024101411420421166
2024101411420421166
2024101411550421167
2024101411520432106
2024101411460435106
2024101411430435106
2024101411330452107
2024101411180455107
2024101411470478108
2024101412030491108
2024101411160491108
2024101412010495108
2024101411130495108
2024101411430499108
2024101411270499108
2024101411530519108
2024101411200537110
2024101411460546111
2024101411200552211
2024101411140559111
2024101412000565111
2024101412040571111
2024101411080571111
2024101411530610113
2024101411220610113
2024101411520616113
2024101411520621113
2024101411130621113
2024101411370636114
2024101412020647114
2024101411490647114
2024101411180652114
2024101411330657214
2024101411380659115
2024101411220666215
2024101411330671115
2024101411100680115
2024101411440685115
2024101411510691215
2024101411150691215
2024101411560697115
2024101412000720216
2024101411370720216
2024101411050721002
2024101411460722116
2024101412000723217
2024101411110723217
2024101411100723217
2024101411100723217
2024101412040740117
2024101411550764119
2024101411050764119
2024101411350775120
2024101411090776221
2024101411272024005
202410141149D052121
202410141119D052121
202410141200D057223
202410141154D057223
