2024100211210014192
2024100211210048192
2024100211480253197
2024100211350325100
2024100212020380104
2024100211490380104
2024100211280380104
2024100211080385104
2024100211050417206
2024100211350421008
2024100211050421135
2024100212030421160
2024100212020421160
2024100211430421160
2024100211430421160
2024100211130421160
2024100212010455107
2024100211590455107
2024100211100519108
2024100211500552211
2024100211580578112
2024100212030633114
2024100211340633114
2024100211580647114
2024100211360680115
2024100211590693115
2024100211310693115
2024100211140695115
2024100211540718116
2024100211290718116
2024100211050723217
2024100211350749118
2024100212000763119
202410021201D055122
202410021138D057223
