2024100909150014192
2024100910030048192
2024100909180084194
2024100909510149195
2024100909170191196
2024100909170267197
2024100909130267197
2024100909530326200
2024100909460326200
2024100909130350102
2024100909520398205
2024100909140398205
2024100909120405205
2024100910000416206
2024100909490417206
2024100909460417206
2024100909400417206
2024100909350421002
2024100909320421029
2024100909260421135
2024100909410421160
2024100909330421160
2024100909290421160
2024100909240421160
2024100909220421160
2024100909090421160
2024100909150421162
2024100909140421162
2024100909060421162
2024100909470421165
2024100910020421166
2024100909330421167
2024100909400421186
2024100909530432106
2024100909180432106
2024100909170435106
2024100909150446107
2024100909580453107
2024100909530453107
2024100909320453107
2024100909140453107
2024100909350466207
2024100909350477108
2024100909160477108
2024100909250496108
2024100910030499108
2024100909380519108
2024100909220537110
2024100909060538110
2024100909310552211
2024100909450561111
2024100909430561111
2024100909490565111
2024100909210565111
2024100909200565111
2024100909340581112
2024100909310581112
2024100909120599212
2024100909090599212
2024100909090621113
2024100909140624113
2024100909380637114
2024100909380637114
2024100909360637114
2024100909130637114
2024100909070637114
2024100909450647114
2024100909570648214
2024100909560648214
2024100909560648214
2024100909220651114
2024100909190651114
2024100909530653114
2024100909530657214
2024100909270657214
2024100909280659115
2024100909380671115
2024100909230671115
2024100909210671115
2024100909550681115
2024100909540681115
2024100909310682115
2024100909330684115
2024100909440690215
2024100909440690215
2024100909450704116
2024100909130708116
2024100909130720216
2024100909130720216
2024100909590723217
2024100909580723217
2024100909320728117
2024100909090732117
2024100909410739117
2024100909400749118
2024100909470758119
2024100909240763119
2024100909310775120
2024100909550776221
2024100909270779222
2024100909190780123
2024100909170780123
2024100909150780123
2024100909592024001
2024100909282024005
202410090924630909
202410090939D055122
