2024101011030024192
2024101010440048192
2024101010380117194
2024101010100314197
2024101010290402105
2024101010570405205
2024101010440405205
2024101010270421003
2024101010560421160
2024101010540421160
2024101010060421160
2024101010520421162
2024101010450421162
2024101010200421162
2024101010420421165
2024101010410421165
2024101010390421165
2024101010380421166
2024101010190421166
2024101010100421166
2024101010080421166
2024101010490453107
2024101010190453107
2024101010180453107
2024101010100453107
2024101010090491108
2024101010420500108
2024101010350538110
2024101010070546111
2024101011010565111
2024101010290565111
2024101010380566111
2024101010240571111
2024101010580581112
2024101010570619213
2024101010210619213
2024101010130642114
2024101010180664115
2024101010250671115
2024101010530697115
2024101010300708116
2024101010280708116
2024101010070723217
2024101011040732117
2024101010100753118
2024101010100781224
2024101010592024004
2024101010082024004
202410101104630909
202410101102630909
202410101020D055122
202410101056D057223
202410101009D057223
