2024101607400014192
2024101607270014192
2024101607540024192
2024101607320024192
2024101607260024192
2024101607220314197
2024101607070314197
2024101607460402105
2024101607380402105
2024101607490421057
2024101607540421062
2024101607500421062
2024101607330421135
2024101607060421135
2024101607410421160
2024101607260421160
2024101607170421160
2024101607470421162
2024101607450421162
2024101607420421162
2024101607330421162
2024101607270421162
2024101607470421163
2024101607060421163
2024101607330429106
2024101607160429106
2024101607100429106
2024101607190452107
2024101607580499108
2024101607480500108
2024101607400523001
2024101607260523001
2024101607180567111
2024101607380571111
2024101607410602113
2024101607330602113
2024101607540647114
2024101607450647114
2024101607190647114
2024101607290666215
2024101607070696115
2024101607560709216
2024101607550718116
2024101607530763119
2024101607392024001
2024101607052024005
202410160711D202409007
