2024101114590120194
2024101114050215196
2024101114480380104
2024101114520421008
2024101114320421162
2024101114350421167
2024101114500421193
2024101114330421193
2024101115040421207
2024101114560455107
2024101114200499108
2024101114350519108
2024101114330519108
2024101115040546111
2024101114500578112
2024101114190610113
2024101114100610113
2024101115030633114
2024101114530695115
2024101114520722116
2024101114280768219
2024101114510775120
2024101114370776221
2024101114290776221
2024101114402024003
202410111426D057223
202410111500D202409007
202410111425D202409007
