2024100217540084194
2024100217330084194
2024100217150084194
2024100217070084194
2024100217430096194
2024100217160191196
2024100217420215196
2024100217360215196
2024100217150314197
2024100217110314197
2024100217540326200
2024100217520350102
2024100217450350102
2024100217590385104
2024100217240398205
2024100217170398205
2024100217060417206
2024100217050417206
2024100217380421135
2024100217240421160
2024100217140421160
2024100217090421160
2024100217050421160
2024100217270421162
2024100217230421162
2024100217060421162
2024100217440421163
2024100217060421166
2024100218040421183
2024100217320421191
2024100217290421191
2024100218030421193
2024100217400421193
2024100217350421193
2024100217310421195
2024100217240429106
2024100217230453107
2024100217200453107
2024100217190453107
2024100217130453107
2024100217590455107
2024100217570471207
2024100217070475107
2024100217060477108
2024100217200570111
2024100217210581112
2024100217570610113
2024100217250610113
2024100217570642114
2024100217560642114
2024100217210642114
2024100217340659115
2024100217330659115
2024100217320659115
2024100217320666215
2024100217060685115
2024100217250696115
2024100217530712116
2024100217430712116
2024100217510723217
2024100217100728117
2024100217480745118
2024100217060763119
2024100217360779222
2024100217182024003
202410021804D052121
202410021750D055122
202410021723D056122
