2024101612120117194
2024101612120117194
2024101612560253197
2024101612490277197
2024101612590314197
2024101612220314197
2024101613000386104
2024101612120398205
2024101612250402105
2024101612090402105
2024101612520421008
2024101612080421059
2024101613000421062
2024101612540421071
2024101612160421160
2024101612160421163
2024101612440421165
2024101612460446107
2024101612320446107
2024101612140446107
2024101612570477108
2024101612450478108
2024101612370495108
2024101612200495108
2024101612550499108
2024101612240499108
2024101612300535110
2024101612230546111
2024101612130546111
2024101612420559111
2024101612380559111
2024101612240559111
2024101612380565111
2024101612170566111
2024101612320567111
2024101612240581112
2024101613010616113
2024101612370625113
2024101612300671115
2024101612450680115
2024101612110690215
2024101612110690215
2024101612440697115
2024101612220712116
2024101612050734117
2024101612590749118
2024101612410749118
2024101613030756118
2024101612100756118
2024101612080756118
2024101612480763119
2024101612240763119
2024101612140763119
2024101612210770119
2024101612200770119
2024101612510776221
2024101612080781224
2024101612172024003
2024101612052024005
