2024101720320215196
2024101720450421042
2024101720270421042
2024101720360421125
2024101720190421125
2024101720200421160
2024101720160421160
2024101720130421160
2024101720110421160
2024101720100421160
2024101720100421163
2024101720150421165
2024101720120421191
2024101720380421206
2024101720050599212
2024101720110610113
2024101720090610113
2024101720450633114
2024101720160633114
2024101721030712116
2024101720390740117
2024101720340740117
2024101720320740117
2024101720320740117
2024101720472024004
202410172048630909
