2024101007360014192
2024101008030024192
2024101007310024192
2024101007160314197
2024101007100380104
2024101008010398205
2024101007390402105
2024101007190416206
2024101007150416206
2024101007510421062
2024101007130421062
2024101007470421160
2024101007460421160
2024101007450421160
2024101007360421160
2024101007440421162
2024101007410421162
2024101007090421163
2024101007370421186
2024101007250421195
2024101007210432106
2024101007090432106
2024101007260452107
2024101007340471207
2024101007260475107
2024101007560495108
2024101008010500108
2024101007430523001
2024101007470571111
2024101007440571111
2024101008040602113
2024101008020602113
2024101007500619213
2024101007390633114
2024101007230696115
2024101007090696115
2024101007590734117
2024101007250758119
2024101007350760119
2024101007452024002
202410100752630909
202410100746630909
202410100738D202409008
202410100736D202409008
