2024101017360120194
2024101017140314197
2024101017120314197
2024101017060324001
2024101017480326200
2024101017270351102
2024101017280380104
2024101017220380104
2024101017270385104
2024101017130405205
2024101017080421061
2024101017070421061
2024101017560421160
2024101017450421160
2024101017380421160
2024101017350421160
2024101017440421162
2024101017400421162
2024101017370421162
2024101017360421162
2024101017320421162
2024101017110421167
2024101018000421188
2024101017530421188
2024101017520435106
2024101017050453107
2024101018020455107
2024101017280463107
2024101017090463107
2024101017070463107
2024101017450471207
2024101017070477108
2024101017560537110
2024101017080546111
2024101017530561111
2024101017540565111
2024101017240566111
2024101017560570111
2024101017160570111
2024101017510578112
2024101017280594112
2024101017430610113
2024101017210619213
2024101017310633114
2024101017520642114
2024101017530664115
2024101017430666215
2024101017210682115
2024101017180682115
2024101017550686115
2024101017350686115
2024101017340686115
2024101017480732117
2024101018030779222
2024101017360780123
202410101802630909
202410101755D053121
202410101710D055122
