2024101817390215196
2024101817080215196
2024101817590253197
2024101817570421042
2024101817540421160
2024101817490421160
2024101817150421160
2024101817130421163
2024101817560421186
2024101817080421186
2024101817160435106
2024101817290475107
2024101817120475107
2024101817090475107
2024101817050475107
2024101817420499108
2024101817350538110
2024101818000561111
2024101817060565111
2024101818020578112
2024101817550578112
2024101817120581112
2024101817080581112
2024101817390616113
2024101817190659115
2024101818020704116
2024101817140712116
2024101817320732117
2024101817490753118
2024101817490753118
2024101818030768219
2024101817120768219
2024101817452024002
202410181707630909
202410181803D055122
202410181714D055122
202410181723D057223
202410181715D057223
