2024100913320048192
2024100913280048192
2024100913180084194
2024100913400149195
2024100913370149195
2024100913150149195
2024100913340215196
2024100913120215196
2024100913510253197
2024100913230253197
2024100913360267197
2024100913170350102
2024100913170350102
2024100913150350102
2024100913080350102
2024100913410380104
2024100913350386104
2024100913390400105
2024100913510416206
2024100913440416206
2024100913100417206
2024100913280421002
2024100913190421002
2024100914040421060
2024100913440421060
2024100913410421060
2024100913260421135
2024100913200421160
2024100913150421160
2024100913060421160
2024100914040421162
2024100913330421162
2024100913240421162
2024100913550421166
2024100913350421166
2024100913140421166
2024100913470421167
2024100913250421186
2024100913590421193
2024100913090421193
2024100913080421193
2024100913390429106
2024100913520432106
2024100913580446107
2024100913250453107
2024100913050453107
2024100913370466207
2024100913190471207
2024100913280496108
2024100913350519108
2024100913300538110
2024100913330552211
2024100913190552211
2024100913060561111
2024100913450565111
2024100913430565111
2024100913290565111
2024100913150565111
2024100914000581112
2024100913530581112
2024100913150602113
2024100913050621113
2024100913540624113
2024100913380633114
2024100913430637114
2024100913410653114
2024100913260659115
2024100913460664115
2024100913320671115
2024100914010691215
2024100913090691215
2024100913290695115
2024100913580697115
2024100913360697115
2024100914040707116
2024100914010716116
2024100913590716116
2024100913400718116
2024100913580727117
2024100913570727117
2024100913430728117
2024100913190740117
2024100913120758119
2024100913510762219
2024100913410762219
2024100913380762219
2024100913320762219
2024100913280762219
2024100913170779222
202410091342630909
202410091341D055122
