2024100714170010192
2024100714240048192
2024100714100048192
2024100714120084194
2024100714210117194
2024100715010120194
2024100714340149195
2024100714280149195
2024100714460215196
2024100714360215196
2024100714220215196
2024100714220215196
2024100714130215196
2024100714090215196
2024100714510253197
2024100714490267197
2024100714460314197
2024100714430314197
2024100714520325100
2024100714350380104
2024100714410398205
2024100714300416206
2024100714210416206
2024100714420421029
2024100714430421071
2024100715020421160
2024100714570421160
2024100714450421160
2024100714420421160
2024100714300421160
2024100714150421160
2024100714250421167
2024100714180421188
2024100714250431106
2024100714130435106
2024100714480453107
2024100714400453107
2024100714390453107
2024100714160453107
2024100715000471207
2024100714060471207
2024100714550477108
2024100714420477108
2024100714390477108
2024100714450491108
2024100714440491108
2024100714580495108
2024100714410495108
2024100714390495108
2024100714160495108
2024100714170496108
2024100714430499108
2024100714130499108
2024100714590519108
2024100714090519108
2024100714060519108
2024100714050522001
2024100714510538110
2024100714530565111
2024100714260570111
2024100714580578112
2024100714360602113
2024100714590621113
2024100714090636114
2024100714250651114
2024100715010652114
2024100714470652114
2024100714090652114
2024100715040653114
2024100715020664115
2024100714290667215
2024100715030671115
2024100715040684115
2024100714560685115
2024100714330685115
2024100714520686115
2024100714310686115
2024100714100690215
2024100714260691215
2024100714330693115
2024100714070693115
2024100714420695115
2024100714400707116
2024100714470708116
2024100714070723217
2024100714570734117
2024100714450734117
2024100714560740117
2024100714420745118
2024100714520767119
2024100714470770119
2024100714120779222
2024100714540780123
2024100715022024002
202410071427D055122
202410071421D056122
