2024100810110014192
2024100810590024192
2024100811030084194
2024100810580084194
2024100810420084194
2024100810050117194
2024100810050117194
2024100810420149195
2024100811030380104
2024100811000380104
2024100810400421001
2024100810220421001
2024100810250421003
2024100810120421008
2024100810390421029
2024100810470421071
2024100810360421135
2024100810300421160
2024100810360421162
2024100810230421165
2024100810210421165
2024100810390421188
2024100810090429106
2024100810060429106
2024100810360432106
2024100810150432106
2024100810060452107
2024100810050466207
2024100810180471207
2024100810510496108
2024100810550519108
2024100810470538110
2024100810130538110
2024100810530559111
2024100810100559111
2024100810080559111
2024100810580565111
2024100811040621113
2024100810090642114
2024100810210653114
2024100811040657214
2024100810460659115
2024100810390691215
2024100810490693115
2024100810440707116
2024100810180718116
2024100810180728117
2024100810160728117
2024100810130728117
2024100811000768219
2024100810070779222
2024100811040781224
2024100810472024001
2024100810482024002
202410081053630909
202410081102D053121
202410081043D053121
202410081022D053121
202410081058D055122
