2024101512420024192
2024101512390048192
2024101512420084194
2024101512520120194
2024101512560253197
2024101512230385104
2024101512310386104
2024101512350402105
2024101512590405205
2024101512510416206
2024101512370421001
2024101512590421020
2024101512170421029
2024101512390421125
2024101513030421135
2024101513000421160
2024101513010421162
2024101512550421163
2024101512550421163
2024101512540421163
2024101512530421163
2024101513010421167
2024101512560421193
2024101513020453107
2024101512390466207
2024101512410478108
2024101512460491108
2024101513040495108
2024101512590495108
2024101512330538110
2024101512560546111
2024101512540566111
2024101512120566111
2024101512580570111
2024101512150602113
2024101512230610113
2024101512080621113
2024101512260664115
2024101512220671115
2024101512480680115
2024101512140685115
2024101512430690215
2024101512260693115
2024101512210697115
2024101512250704116
2024101512550723217
2024101512250732117
2024101512410734117
2024101512380734117
2024101513000739117
2024101512480739117
2024101512180776221
2024101512432024002
2024101512452024004
2024101512052024005
202410151214D055122
