2024101412400014192
2024101412180084194
2024101412170084194
2024101412050149195
2024101412340350102
2024101412160421135
2024101412570421160
2024101412390421160
2024101412120421160
2024101413000421162
2024101413000421175
2024101412050421183
2024101413040421193
2024101412450421201
2024101412450452107
2024101412260459107
2024101412530477108
2024101412360495108
2024101412110499108
2024101413030519108
2024101412190538110
2024101412380559111
2024101412230566111
2024101412360581112
2024101412370602113
2024101412480610113
2024101412170610113
2024101413020621113
2024101413030643114
2024101412270652114
2024101412170652114
2024101412500667215
2024101412220671115
2024101412310680115
2024101412270680115
2024101412360708116
2024101412220708116
2024101412150708116
2024101413000720216
2024101412190720216
2024101412540721002
2024101412380721002
2024101412060722116
2024101412470723217
2024101412380745118
2024101412360745118
2024101412280762219
2024101412510776221
2024101412482024001
2024101412492024005
2024101412132024005
202410141251D055122
