2024101715100048192
2024101715310084194
2024101715130084194
2024101715380096194
2024101715320149195
2024101715440191196
2024101716040398205
2024101715540398205
2024101715270398205
2024101715330405205
2024101715340416206
2024101715180417206
2024101715270421008
2024101715240421062
2024101715070421071
2024101715400421160
2024101715590421163
2024101715240421163
2024101716040421165
2024101716000421165
2024101715150421167
2024101715340421186
2024101715150421193
2024101716000421204
2024101715540431106
2024101715480432106
2024101715350432106
2024101715440453107
2024101715220453107
2024101715580455107
2024101715580478108
2024101715560495108
2024101715520495108
2024101715060519108
2024101715500523001
2024101715390535110
2024101715470546111
2024101715150546111
2024101715460563111
2024101715530570111
2024101715500578112
2024101715580636114
2024101715080636114
2024101715440647114
2024101715420647114
2024101715140647114
2024101715070647114
2024101715200657214
2024101715180657214
2024101715590664115
2024101715580664115
2024101716000674115
2024101715490704116
2024101715590707116
2024101715210718116
2024101715050718116
2024101716020723217
2024101715080723217
2024101715050740117
2024101715450750118
2024101715340758119
2024101715130763119
2024101715570764119
2024101715210776221
2024101715130780123
2024101715060780123
202410171601630909
202410171546D057223
202410171601D202409007
202410171552D202409007
