2024100912130014192
2024100913020048192
2024100913000084194
2024100912280084194
2024100912240084194
2024100912230084194
2024100912450191196
2024100912440191196
2024100912330215196
2024100912320215196
2024100912550253197
2024100912370267197
2024100912250314197
2024100912300324001
2024100912280324001
2024100912210324001
2024100912550325100
2024100912050350102
2024100912050350102
2024100912540380104
2024100912520380104
2024100913040398205
2024100912340398205
2024100912080402105
2024100912570416206
2024100912380417206
2024100912090421042
2024100913030421059
2024100912400421059
2024100912160421059
2024100912540421160
2024100912490421160
2024100912480421160
2024100912430421160
2024100913000421163
2024100912260432106
2024100913020446107
2024100912560446107
2024100913000477108
2024100912200496108
2024100912560499108
2024100912450519108
2024100912140538110
2024100913020561111
2024100912460578112
2024100912530610113
2024100912530610113
2024100912540621113
2024100912500621113
2024100912090631114
2024100913020647114
2024100912410651114
2024100912280651114
2024100913020653114
2024100912440653114
2024100912590671115
2024100912400671115
2024100912320671115
2024100912280671115
2024100912510682115
2024100912330682115
2024100913040684115
2024100912330684115
2024100912160685115
2024100912360695115
2024100912310696115
2024100912270696115
2024100912480697115
2024100912410707116
2024100912310707116
2024100912460718116
2024100912120718116
2024100912570722116
2024100912130722116
2024100912440727117
2024100912150727117
2024100912090727117
2024100912100734117
2024100912400758119
2024100912150758119
2024100912370762219
2024100912370762219
2024100912220763119
2024100912090763119
2024100912280775120
2024100912510776221
2024100912352024005
2024100912152024005
202410091300630909
202410091235630909
202410091232630909
202410091303D053121
202410091234D055122
202410091205D055122
202410091217D056122
