2024101505430123001
2024101505300421160
2024101505090421160
2024101505080421160
2024101505060421160
2024101505060421160
2024101505060421160
2024101505060421160
2024101505220421162
2024101505210421162
2024101505190421162
2024101505060421162
2024101505050421162
2024101506040421163
2024101506030421163
2024101506010421163
2024101505160421183
2024101505340421193
2024101505200421193
2024101505100421193
2024101505200421195
2024101505140421195
2024101505120421195
2024101505560682115
2024101505220686115
