2024100712180010192
2024100712320014192
2024100712410096194
2024100712470215196
2024100713010380104
2024100712560380104
2024100713040398205
2024100712590398205
2024100712510398205
2024100712170402105
2024100712120416206
2024100712530421001
2024100712350421029
2024100713040421135
2024100713030421160
2024100712340421160
2024100712250421160
2024100712360421162
2024100712280421166
2024100712240431106
2024100712170431106
2024100712490446107
2024100712320459107
2024100712210463107
2024100713020466207
2024100713000477108
2024100712190495108
2024100712440499108
2024100712370499108
2024100713010519108
2024100712500523001
2024100712200538110
2024100712420541110
2024100712390541110
2024100712390541110
2024100712460559111
2024100712260559111
2024100713030571111
2024100713040599212
2024100712250602113
2024100713010621113
2024100712570636114
2024100712290636114
2024100712430642114
2024100712290642114
2024100712350643114
2024100712060647114
2024100712200652114
2024100712560671115
2024100712580684115
2024100712290695115
2024100712550707116
2024100712420707116
2024100712100718116
2024100712400750118
2024100713000763119
2024100712370763119
2024100712080763119
2024100712440767119
2024100712300767119
2024100712590770119
2024100712560775120
2024100712570776221
2024100712550776221
2024100712460776221
2024100712560779222
2024100712460780123
202410071224630909
202410071247D052121
202410071246D053121
202410071206D053121
202410071246D055122
202410071301D057223
