2024101116020215196
2024101115220215196
2024101115110215196
2024101115490324001
2024101115350324001
2024101115290421135
2024101115260421135
2024101115120421135
2024101115090421135
2024101115220421162
2024101115180421162
2024101115090421162
2024101115530421166
2024101115410421166
2024101116010421167
2024101115320421193
2024101115420455107
2024101115380455107
2024101116040459107
2024101115130499108
2024101115470546111
2024101115540565111
2024101116000625113
2024101115530625113
2024101115590633114
2024101116010695115
2024101115180722116
2024101115210762219
2024101115170762219
202410111559630910
202410111526D052121
202410111538D055122
202410111546D056122
