2024101014450014192
2024101014500024192
2024101014400024192
2024101014490314197
2024101014510385104
2024101014450385104
2024101014570405205
2024101014360405205
2024101014120416206
2024101014260417206
2024101014170417206
2024101014060417206
2024101015020421061
2024101014590421061
2024101014500421061
2024101014440421061
2024101014400421135
2024101014450421160
2024101014190421162
2024101014160421162
2024101014460421165
2024101014050421165
2024101014490421188
2024101014360421193
2024101015020452107
2024101014340453107
2024101014160453107
2024101014490477108
2024101014140477108
2024101014580561111
2024101014540565111
2024101014070565111
2024101014250570111
2024101014520578112
2024101014310581112
2024101014180581112
2024101014230602113
2024101014470621113
2024101014440621113
2024101014530636114
2024101014190637114
2024101014160637114
2024101014170642114
2024101014290651114
2024101014530652114
2024101014390695115
2024101014430707116
2024101014410707116
2024101014580722116
2024101014190723217
2024101014310732117
2024101014370740117
2024101014440767119
2024101015020781224
2024101014350781224
202410101425630909
202410101459D056122
