2024101819250215196
2024101819200215196
2024101819580324001
2024101819400324001
2024101819370324001
2024101819200405205
2024101819480421042
2024101819140421042
2024101819450421057
2024101819550421160
2024101819480421160
2024101819380421160
2024101819340421160
2024101819260421160
2024101819110421160
2024101819400421163
2024101819270421165
2024101820020421186
2024101819070421186
2024101819450421199
2024101819450421200
2024101819450421201
2024101819570610113
2024101819550610113
2024101819320610113
2024101819080616113
2024101819560671115
2024101819550671115
2024101819190671115
2024101820010712116
2024101819390712116
202410181925630909
