2024101618380421003
2024101618090421004
2024101618590421160
2024101618530421160
2024101618410421160
2024101618370421160
2024101618240421160
2024101618210421160
2024101618160421160
2024101618140421160
2024101618120421160
2024101618540421162
2024101618440421162
2024101618400421162
2024101618380421162
2024101618310421162
2024101618180421162
2024101619030421165
2024101618590421165
2024101618280421165
2024101619010421193
2024101618570421193
2024101618470421193
2024101618180421193
2024101618070421193
2024101618390491108
2024101618330491108
2024101618200610113
2024101618060610113
2024101618470616113
2024101618140664115
2024101618270671115
2024101618200695115
2024101618510712116
2024101618070732117
2024101618070749118
2024101618110758119
2024101618100758119
2024101618122024005
202410161819630909
202410161902VIP-03
202410161900VIP-03
