2024100412490084194
2024100412530215196
2024100412430215196
2024100412390350102
2024100412430421008
2024100413030421160
2024100413010421160
2024100412580421160
2024100412350421160
2024100412340421160
2024100412310421162
2024100413010421165
2024100412540421166
2024100412530421166
2024100412240421183
2024100412460421191
2024100412520421195
2024100412410421195
2024100412370475107
2024100412210475107
2024100412210499108
2024100412230523001
2024100412280541110
2024100412280541110
2024100412330559111
2024100413040571111
2024100412390571111
2024100412210581112
2024100412210602113
2024100412320659115
2024100412340753118
2024100412320753118
2024100412120762219
2024100412580763119
2024100412340768219
2024100413032024005
2024100412252024005
202410041239D055122
202410041236D055122
