2024101718370084194
2024101718170084194
2024101718250120194
2024101718430215196
2024101718280253197
2024101718070277197
2024101718290385104
2024101718150385104
2024101718140421008
2024101719010421042
2024101719040421160
2024101719020421160
2024101718550421160
2024101718260421160
2024101718460421162
2024101718460421162
2024101718440421162
2024101718390421162
2024101718290421162
2024101719030421169
2024101719010421186
2024101718070421186
2024101718550421193
2024101718100421193
2024101718210431106
2024101718070431106
2024101718270435106
2024101718200446107
2024101718110446107
2024101718090446107
2024101718120452107
2024101718110455107
2024101718070455107
2024101718320491108
2024101718060491108
2024101718080523001
2024101718230537110
2024101718310538110
2024101718390541110
2024101718100581112
2024101718340610113
2024101718550633114
2024101718310659115
2024101718580671115
2024101718580671115
2024101718350671115
2024101719020691215
2024101718510707116
2024101718220707116
2024101718260732117
2024101718160740117
2024101718200770119
2024101718120776221
202410171836630909
