2024100208230024192
2024100208490048192
2024100208290191196
2024100208290215196
2024100208320253197
2024100208490314197
2024100208350325100
2024100208280325100
2024100208240398205
2024100208330402105
2024100208330421020
2024100208260421160
2024100209040421162
2024100208570421162
2024100208180421162
2024100208140421162
2024100208570421166
2024100208510421166
2024100208500421166
2024100209040421188
2024100208360421193
2024100208560429106
2024100209000432106
2024100208130432106
2024100209010446107
2024100208060446107
2024100208560452107
2024100208560471207
2024100208160471207
2024100208360499108
2024100208580561111
2024100208420578112
2024100209000599212
2024100208590599212
2024100208520610113
2024100208410610113
2024100208490633114
2024100208080647114
2024100208120666215
2024100208510671115
2024100208120704116
2024100208100704116
2024100208130712116
2024100208550718116
2024100208530722116
2024100208570728117
2024100208510728117
2024100208440728117
2024100208210728117
2024100208540734117
2024100208420758119
2024100208550763119
2024100208160763119
2024100208150781224
2024100208262024001
2024100209032024003
202410020900D053121
