2024100721120215196
2024100721390324001
2024100721100324001
2024100721260421029
2024100721360421135
2024100721080421135
2024100721390421157
2024100721360421160
2024100721340421160
2024100721160421160
2024100721130421160
2024100721290421188
2024100722040421193
2024100721200523001
2024100721110523001
2024100721090523001
2024100721590538110
2024100721270610113
2024100721050610113
2024100721100664115
2024100721360671115
2024100721270671115
2024100721270671115
2024100721520686115
2024100721080696115
2024100721050696115
2024100721390728117
2024100721090728117
2024100721080728117
2024100721572024004
2024100721342024004
202410072132D052121
202410072150D202409006
