2024101616280024192
2024101616520325100
2024101616400350102
2024101616090386104
2024101616280402105
2024101616190405205
2024101616510421059
2024101616400421059
2024101616090421059
2024101616070421060
2024101616530421152
2024101616550421160
2024101616550421160
2024101616530421160
2024101616230421160
2024101616200421160
2024101616480421162
2024101616470421162
2024101616450421162
2024101616160421162
2024101616160421162
2024101616420421163
2024101617030421167
2024101616540421193
2024101616490421193
2024101616460421193
2024101616420421193
2024101616350421193
2024101616420455107
2024101616120455107
2024101616120455107
2024101616260466207
2024101616070466207
2024101616430475107
2024101616410475107
2024101617030477108
2024101616560478108
2024101616350491108
2024101616550495108
2024101616360495108
2024101616270495108
2024101616530499108
2024101616580565111
2024101616560565111
2024101616290565111
2024101616580578112
2024101616440610113
2024101616210610113
2024101616110614113
2024101617000616113
2024101616130616113
2024101616400625113
2024101616050637114
2024101616490647114
2024101616070657214
2024101616210664115
2024101616590671115
2024101616220680115
2024101616550690215
2024101616100690215
2024101616180693115
2024101616150693115
2024101616100693115
2024101616250707116
2024101616160718116
2024101616500719116
2024101616460722116
2024101616080722116
2024101616060722116
2024101616210723217
2024101616510732117
2024101616480734117
2024101616270734117
2024101616270739117
2024101616210762219
2024101616210762219
2024101616350781224
2024101616290781224
2024101616592024003
2024101616242024003
2024101616222024003
2024101616592024004
2024101616172024005
202410161700630909
202410161609D052121
202410161623D202409007
202410161642VIP-01
202410161605VIP-03
