2024101508260024192
2024101508360048192
2024101508210048192
2024101509010215196
2024101508390215196
2024101508550253197
2024101508390325100
2024101508060402105
2024101508060416206
2024101508140421001
2024101508120421001
2024101508450421003
2024101508290421004
2024101508280421004
2024101508130421020
2024101508130421135
2024101508090421135
2024101508410421162
2024101508330421162
2024101508480421166
2024101508400421166
2024101508390421166
2024101508350421167
2024101508340421167
2024101508580421169
2024101508440421175
2024101508050421178
2024101508560421183
2024101508450421183
2024101508490421186
2024101508110421195
2024101508500421201
2024101508400421206
2024101508390421206
2024101509040421207
2024101508380432106
2024101508440478108
2024101508520495108
2024101508380495108
2024101508120500108
2024101508560552211
2024101508380552211
2024101508080552211
2024101508470578112
2024101508360610113
2024101508230610113
2024101508340616113
2024101508100619213
2024101508360633114
2024101509020671115
2024101508590671115
2024101509000685115
2024101508150704116
2024101508130704116
2024101508540707116
2024101508360707116
2024101508550732117
2024101508520732117
2024101508530734117
2024101508510734117
2024101508350767119
2024101508340767119
2024101508550776221
2024101508072024005
202410150822D202409006
202410150814D202409007
