2024101015330014192
2024101015500215196
2024101015120215196
2024101015130326200
2024101015170385104
2024101015550421008
2024101015170421135
2024101015580421160
2024101015540421160
2024101015480421160
2024101015430421160
2024101015090421162
2024101015080421162
2024101015070421162
2024101015480421166
2024101015050421195
2024101015400435106
2024101015190435106
2024101015310453107
2024101015150453107
2024101015460463107
2024101015590491108
2024101015580495108
2024101015210519108
2024101015110519108
2024101015580537110
2024101015570546111
2024101015080565111
2024101015240566111
2024101015160610113
2024101015080610113
2024101015470614113
2024101015180624113
2024101015570651114
2024101015370664115
2024101015310664115
2024101015220671115
2024101015130671115
2024101015060671115
2024101015140682115
2024101015100682115
2024101015190684115
2024101015110684115
2024101015060686115
2024101015300696115
2024101015280696115
2024101015380704116
2024101015520708116
2024101015080722116
2024101015060723217
2024101015050723217
2024101015410724117
2024101015230727117
2024101015070749118
2024101016000767119
2024101015590767119
2024101016000781224
2024101015420781224
2024101015082024005
2024101015062024005
202410101508630909
202410101529D055122
202410101509D057223
