2024101705250421029
2024101705480421042
2024101706040421160
2024101705580421160
2024101705190421160
2024101705110421160
2024101705110421160
2024101706000421162
2024101705580421162
2024101705510421162
2024101705360421162
2024101705350421162
2024101705240421162
2024101705480421163
2024101705440421163
2024101705330421165
2024101705310421165
2024101705300421165
2024101705260421165
2024101706010421191
2024101705060421191
2024101705280421193
2024101705250421193
2024101705160421193
2024101705210421195
2024101705400561111
2024101705220561111
2024101705360682115
2024101705340682115
2024101706030734117
2024101705320734117
2024101705290734117
2024101705190734117
2024101705080734117
2024101705050734117
2024101705050734117
202410170604D202409005
