2024100216350010192
2024100216280010192
2024100216060010192
2024100214560010192
2024100213380010192
2024100210090010192
2024100209220010192
2024100207310010192
2024100206230010192
2024100116330010192
2024100114580010192
2024100113050010192
2024100112090010192
2024100110310010192
2024100108170010192
2024100106590010192
2024100106210010192
2024100213110014192
2024100212120014192
2024100211210014192
2024100210530014192
2024100209290014192
2024100209130014192
2024100115590014192
2024100115140014192
2024100114270014192
2024100113280014192
2024100112200014192
2024100110530014192
2024100107590014192
2024100216530024192
2024100216240024192
2024100215170024192
2024100214420024192
2024100212530024192
2024100210190024192
2024100208230024192
2024100115270024192
2024100115000024192
2024100113330024192
2024100111380024192
2024100108460024192
2024100218310048192
2024100214370048192
2024100211210048192
2024100209090048192
2024100208490048192
2024100114580048192
2024100113400048192
2024100112080048192
2024100109240048192
2024100109120048192
2024100218110084194
2024100217540084194
2024100217330084194
2024100217150084194
2024100217070084194
2024100215540084194
2024100215330084194
2024100214120084194
2024100209380084194
2024100209370084194
2024100209340084194
2024100209320084194
2024100209310084194
2024100209270084194
2024100209250084194
2024100209210084194
2024100209140084194
2024100116500084194
2024100116430084194
2024100115230084194
2024100114570084194
2024100114540084194
2024100113220084194
2024100113060084194
2024100111530084194
2024100111140084194
2024100110590084194
2024100110590084194
2024100110230084194
2024100109540084194
2024100109430084194
2024100109270084194
2024100108310084194
2024100108280084194
2024100107150084194
2024100106400084194
2024100106160084194
2024100105300084194
2024100104580084194
2024100104540084194
2024100104260084194
2024100103230084194
2024100103010084194
2024100102550084194
2024100102370084194
2024100102320084194
2024100102320084194
2024100102220084194
2024100102170084194
2024100102140084194
2024100102120084194
2024100102120084194
2024100102070084194
2024100102050084194
2024100102050084194
2024100102040084194
2024100101360084194
2024100101310084194
2024100101280084194
2024100101210084194
2024100101120084194
2024100101100084194
2024100101100084194
2024100101000084194
2024100100530084194
2024100100400084194
2024100100300084194
2024100100300084194
2024100100280084194
2024100100270084194
2024100100260084194
2024100100230084194
2024100100220084194
2024100100200084194
2024100100160084194
2024100100150084194
2024100100140084194
2024100217430096194
2024100213090096194
2024100210020096194
2024100209570096194
2024100116280096194
2024100116190096194
2024100116120096194
2024100116050096194
2024100112390096194
2024100112350096194
2024100214090117194
2024100214090117194
2024100214080117194
2024100210550117194
2024100117320117194
2024100114090117194
2024100114080117194
2024100113540117194
2024100113530117194
2024100218300120194
2024100218230120194
2024100214030120194
2024100210590120194
2024100209440120194
2024100118330120194
2024100110060120194
2024100119590124002
2024100215270149195
2024100209360149195
2024100114050149195
2024100109240149195
2024100109100149195
2024100217160191196
2024100213120191196
2024100213110191196
2024100212500191196
2024100210280191196
2024100208290191196
2024100116480191196
2024100116450191196
2024100109570191196
2024100219230215196
2024100218260215196
2024100217420215196
2024100217360215196
2024100214540215196
2024100214540215196
2024100214530215196
2024100214090215196
2024100213030215196
2024100213020215196
2024100213020215196
2024100212200215196
2024100210560215196
2024100210560215196
2024100210500215196
2024100210140215196
2024100208290215196
2024100120330215196
2024100120090215196
2024100118420215196
2024100117370215196
2024100115490215196
2024100115170215196
2024100112420215196
2024100112230215196
2024100111580215196
2024100111380215196
2024100111220215196
2024100218530253197
2024100218440253197
2024100213020253197
2024100211480253197
2024100209470253197
2024100209280253197
2024100208320253197
2024100120180253197
2024100118580253197
2024100115550253197
2024100114250253197
2024100112580253197
2024100111290253197
2024100110270253197
2024100110250253197
2024100110010253197
2024100108400253197
2024100217150314197
2024100217110314197
2024100214020314197
2024100209290314197
2024100208490314197
2024100207460314197
2024100207430314197
2024100207120314197
2024100207050314197
2024100207010314197
2024100117140314197
2024100115110314197
2024100114000314197
2024100113540314197
2024100113280314197
2024100112490314197
2024100111180314197
2024100110280314197
2024100110250314197
2024100107220314197
2024100107070314197
2024100214540325100
2024100214230325100
2024100211350325100
2024100208350325100
2024100208280325100
2024100117080325100
2024100116590325100
2024100114580325100
2024100113510325100
2024100113300325100
2024100108280325100
2024100108200325100
2024100218550326200
2024100218520326200
2024100217540326200
2024100216590326200
2024100214530326200
2024100213530326200
2024100210140326200
2024100218110350102
2024100217520350102
2024100217450350102
2024100216270350102
2024100215300350102
2024100214100350102
2024100209350350102
2024100116300350102
2024100116290350102
2024100116290350102
2024100115580350102
2024100113580350102
2024100113000350102
2024100111220350102
2024100110220350102
2024100216300380104
2024100216290380104
2024100215050380104
2024100212020380104
2024100211490380104
2024100211280380104
2024100209510380104
2024100207380380104
2024100206590380104
2024100117060380104
2024100114110380104
2024100114090380104
2024100113570380104
2024100113010380104
2024100112130380104
2024100111260380104
2024100108000380104
2024100107590380104
2024100218460385104
2024100218270385104
2024100218250385104
2024100217590385104
2024100212580385104
2024100211080385104
2024100210490385104
2024100216230386104
2024100215560386104
2024100214570386104
2024100212560386104
2024100209360386104
2024100115120386104
2024100114560386104
2024100111500386104
2024100109150386104
2024100109120386104
2024100109090386104
2024100217240398205
2024100217170398205
2024100216420398205
2024100216040398205
2024100215470398205
2024100214170398205
2024100214070398205
2024100211040398205
2024100209060398205
2024100208240398205
2024100116140398205
2024100115550398205
2024100115400398205
2024100114270398205
2024100113560398205
2024100113380398205
2024100111100398205
2024100110090398205
2024100109160398205
2024100107580398205
2024100107510398205
2024100107510398205
2024100217000400105
2024100216590400105
2024100215400400105
2024100213460400105
2024100207280400105
2024100116530400105
2024100116150400105
2024100108260400105
2024100107380400105
2024100107370400105
2024100215410402105
2024100213410402105
2024100209210402105
2024100208330402105
2024100206560402105
2024100115220402105
2024100113310402105
2024100113050402105
2024100113010402105
2024100110580402105
2024100110120402105
2024100107420402105
2024100107240402105
2024100120130405205
2024100117430405205
2024100113570405205
2024100113500405205
2024100113050405205
2024100110510405205
2024100213520416206
2024100213500416206
2024100208010416206
2024100207580416206
2024100114030416206
2024100112520416206
2024100112210416206
2024100111170416206
2024100107550416206
2024100107510416206
2024100107510416206
2024100217060417206
2024100217050417206
2024100216430417206
2024100213440417206
2024100213350417206
2024100213290417206
2024100211050417206
2024100209490417206
2024100209340417206
2024100216300421002
2024100209580421002
2024100209560421002
2024100117400421002
2024100114040421002
2024100114040421002
2024100113480421002
2024100112150421002
2024100112080421002
2024100110470421002
2024100109490421002
2024100109470421002
2024100114020421003
2024100110120421003
2024100218350421004
2024100216070421004
2024100118560421004
2024100114510421004
2024100113490421004
2024100110130421004
2024100216210421008
2024100216180421008
2024100216040421008
2024100215180421008
2024100215020421008
2024100214440421008
2024100214240421008
2024100211350421008
2024100210020421008
2024100115370421008
2024100115340421008
2024100114070421008
2024100110530421008
2024100110420421008
2024100109460421008
2024100216400421020
2024100214350421020
2024100214160421020
2024100213230421020
2024100213220421020
2024100212350421020
2024100208330421020
2024100108490421020
2024100108400421020
2024100108330421020
2024100108310421020
2024100108250421020
2024100221380421029
2024100221300421029
2024100219530421029
2024100216010421029
2024100214180421029
2024100209450421029
2024100119180421029
2024100118290421029
2024100116080421029
2024100113580421029
2024100113490421029
2024100113300421029
2024100113120421029
2024100109380421029
2024100108500421029
2024100107100421029
2024100105550421029
2024100105540421029
2024100216280421060
2024100213230421060
2024100210240421060
2024100209580421060
2024100209560421060
2024100209370421060
2024100209280421060
2024100115540421060
2024100113220421060
2024100111010421060
2024100109290421060
2024100109210421060
2024100222070421062
2024100218370421062
2024100215510421062
2024100121130421062
2024100119360421062
2024100118530421062
2024100117510421062
2024100115530421062
2024100214350421071
2024100213570421071
2024100210300421071
2024100114350421071
2024100114000421071
2024100111350421071
2024100110300421071
2024100223390421135
2024100223330421135
2024100222460421135
2024100218490421135
2024100218330421135
2024100217380421135
2024100215540421135
2024100214050421135
2024100211050421135
2024100210590421135
2024100210070421135
2024100209180421135
2024100207150421135
2024100123120421135
2024100118420421135
2024100116260421135
2024100113100421135
2024100110530421135
2024100110460421135
2024100108430421135
2024100108100421135
2024100107340421135
2024100107320421135
2024100107310421135
2024100216500421151
2024100109530421151
2024100223110421160
2024100222510421160
2024100222500421160
2024100222260421160
2024100222220421160
2024100220410421160
2024100220250421160
2024100218410421160
2024100218130421160
2024100217240421160
2024100217140421160
2024100217090421160
2024100217050421160
2024100217020421160
2024100216580421160
2024100216490421160
2024100216440421160
2024100216360421160
2024100216270421160
2024100216130421160
2024100215520421160
2024100215480421160
2024100215450421160
2024100215420421160
2024100215090421160
2024100215050421160
2024100214380421160
2024100214320421160
2024100214210421160
2024100213410421160
2024100213170421160
2024100213140421160
2024100213000421160
2024100212180421160
2024100212030421160
2024100212020421160
2024100211430421160
2024100211430421160
2024100211130421160
2024100210540421160
2024100210530421160
2024100210520421160
2024100209520421160
2024100209380421160
2024100209380421160
2024100209300421160
2024100208260421160
2024100208010421160
2024100207540421160
2024100207390421160
2024100207020421160
2024100206550421160
2024100206110421160
2024100205250421160
2024100205190421160
2024100204400421160
2024100204300421160
2024100204290421160
2024100204280421160
2024100204270421160
2024100204270421160
2024100204150421160
2024100121440421160
2024100121420421160
2024100121400421160
2024100121350421160
2024100120170421160
2024100120140421160
2024100119300421160
2024100119210421160
2024100119160421160
2024100119050421160
2024100116250421160
2024100116010421160
2024100115270421160
2024100115200421160
2024100115190421160
2024100115180421160
2024100114500421160
2024100114180421160
2024100113490421160
2024100113290421160
2024100112240421160
2024100112170421160
2024100112070421160
2024100111100421160
2024100111080421160
2024100111030421160
2024100110530421160
2024100110470421160
2024100110320421160
2024100109580421160
2024100109340421160
2024100108520421160
2024100108440421160
2024100108370421160
2024100108330421160
2024100108270421160
2024100108210421160
2024100219240421162
2024100219190421162
2024100219110421162
2024100219080421162
2024100218580421162
2024100218420421162
2024100218400421162
2024100217270421162
2024100217230421162
2024100217060421162
2024100217030421162
2024100216550421162
2024100216520421162
2024100215160421162
2024100215130421162
2024100214340421162
2024100213330421162
2024100210300421162
2024100209390421162
2024100209380421162
2024100209370421162
2024100209330421162
2024100209320421162
2024100209230421162
2024100209040421162
2024100208570421162
2024100208180421162
2024100208140421162
2024100206580421162
2024100206480421162
2024100206470421162
2024100205520421162
2024100205480421162
2024100118320421162
2024100118120421162
2024100117110421162
2024100117060421162
2024100117050421162
2024100116470421162
2024100115270421162
2024100115120421162
2024100114080421162
2024100114040421162
2024100113010421162
2024100113000421162
2024100111390421162
2024100111340421162
2024100111310421162
2024100108150421162
2024100108080421162
2024100107460421162
2024100107440421162
2024100107410421162
2024100107210421162
2024100107080421162
2024100105270421162
2024100105230421162
2024100105180421162
2024100105070421162
2024100105060421162
2024100104540421162
2024100104470421162
2024100104430421162
2024100104420421162
2024100104400421162
2024100104270421162
2024100104240421162
2024100223370421163
2024100223150421163
2024100222240421163
2024100218180421163
2024100218160421163
2024100217440421163
2024100207300421163
2024100206550421163
2024100201050421163
2024100119240421163
2024100114390421163
2024100113230421163
2024100113070421163
2024100108110421163
2024100107070421163
2024100107070421163
2024100106170421163
2024100106060421163
2024100105400421163
2024100105360421163
2024100105250421163
2024100222460421165
2024100222440421165
2024100220340421165
2024100220180421165
2024100218120421165
2024100214190421165
2024100214140421165
2024100214130421165
2024100213250421165
2024100213240421165
2024100210200421165
2024100210180421165
2024100209400421165
2024100209390421165
2024100209340421165
2024100209330421165
2024100209320421165
2024100209210421165
2024100207370421165
2024100206460421165
2024100205320421165
2024100205010421165
2024100203080421165
2024100122450421165
2024100122440421165
2024100120190421165
2024100117030421165
2024100116530421165
2024100116510421165
2024100115070421165
2024100114160421165
2024100114150421165
2024100114140421165
2024100114130421165
2024100114060421165
2024100113380421165
2024100110220421165
2024100109480421165
2024100109070421165
2024100108260421165
2024100108250421165
2024100108200421165
2024100108150421165
2024100108140421165
2024100107370421165
2024100107360421165
2024100107350421165
2024100106550421165
2024100105240421165
2024100105010421165
2024100104590421165
2024100104540421165
2024100103280421165
2024100103170421165
2024100102540421165
2024100102520421165
2024100102510421165
2024100102510421165
2024100102500421165
2024100102490421165
2024100102450421165
2024100102450421165
2024100102440421165
2024100102420421165
2024100217060421166
2024100216420421166
2024100216410421166
2024100213010421166
2024100212480421166
2024100212440421166
2024100212430421166
2024100210200421166
2024100208570421166
2024100208510421166
2024100208500421166
2024100117000421166
2024100116300421166
2024100116290421166
2024100116050421166
2024100115480421166
2024100113490421166
2024100113360421166
2024100112260421166
2024100111520421166
2024100109220421166
2024100108410421166
2024100108410421166
2024100108270421166
2024100117020421167
2024100116520421167
2024100116420421167
2024100115260421167
2024100114530421167
2024100114310421167
2024100113020421167
2024100111550421167
2024100110150421167
2024100110140421167
2024100109430421167
2024100109420421167
2024100108510421167
2024100108460421167
2024100221510421183
2024100220090421183
2024100219390421183
2024100218040421183
2024100216220421183
2024100213420421183
2024100213350421183
2024100210080421183
2024100209320421183
2024100107090421186
2024100103460421186
2024100103440421186
2024100103430421186
2024100103420421186
2024100103400421186
2024100103120421186
2024100102110421186
2024100102090421186
2024100102040421186
2024100101590421186
2024100101590421186
2024100216000421188
2024100210290421188
2024100210040421188
2024100209420421188
2024100209130421188
2024100209040421188
2024100202350421188
2024100202230421188
2024100201010421188
2024100123300421188
2024100122230421188
2024100121040421188
2024100119550421188
2024100118450421188
2024100118070421188
2024100117570421188
2024100116260421188
2024100114480421188
2024100223380421191
2024100223180421191
2024100223170421191
2024100222590421191
2024100217320421191
2024100217290421191
2024100216050421191
2024100215430421191
2024100215370421191
2024100222440421193
2024100218590421193
2024100218030421193
2024100217400421193
2024100217350421193
2024100216580421193
2024100216500421193
2024100216260421193
2024100214290421193
2024100213080421193
2024100210410421193
2024100209570421193
2024100209170421193
2024100208360421193
2024100205290421193
2024100205230421193
2024100205030421193
2024100204550421193
2024100122440421193
2024100119470421193
2024100119430421193
2024100119000421193
2024100118120421193
2024100118050421193
2024100117160421193
2024100116460421193
2024100116370421193
2024100116300421193
2024100115000421193
2024100114170421193
2024100113190421193
2024100110340421193
2024100105270421193
2024100105250421193
2024100105240421193
2024100105210421193
2024100105150421193
2024100105080421193
2024100105030421193
2024100105020421193
2024100222490421195
2024100217310421195
2024100209280421195
2024100209220421195
2024100207190421195
2024100207150421195
2024100206420421195
2024100205210421195
2024100204220421195
2024100122460421195
2024100122440421195
2024100114050421195
2024100108530421195
2024100108460421195
2024100107400421195
2024100106580421195
2024100105510421195
2024100105500421195
2024100105480421195
2024100217240429106
2024100215450429106
2024100214450429106
2024100208560429106
2024100207490429106
2024100113260429106
2024100113210429106
2024100216330432106
2024100216320432106
2024100214550432106
2024100214490432106
2024100213590432106
2024100212520432106
2024100209000432106
2024100208130432106
2024100113220432106
2024100113090432106
2024100111060432106
2024100110070432106
2024100110030432106
2024100109590432106
2024100109560432106
2024100108340432106
2024100212120446107
2024100209540446107
2024100209010446107
2024100208060446107
2024100117230446107
2024100115250446107
2024100112570446107
2024100112360446107
2024100111410446107
2024100110300446107
2024100215090452107
2024100215050452107
2024100215050452107
2024100208560452107
2024100207440452107
2024100115270452107
2024100115210452107
2024100112540452107
2024100109090452107
2024100217230453107
2024100217200453107
2024100217190453107
2024100217130453107
2024100215220453107
2024100215130453107
2024100214520453107
2024100213540453107
2024100210530453107
2024100210400453107
2024100210220453107
2024100209560453107
2024100117230453107
2024100117220453107
2024100117080453107
2024100116470453107
2024100115400453107
2024100115120453107
2024100113090453107
2024100111450453107
2024100109410453107
2024100109310453107
2024100109250453107
2024100221500455107
2024100218050455107
2024100217590455107
2024100215330455107
2024100215320455107
2024100212010455107
2024100211590455107
2024100114560455107
2024100114550455107
2024100114350455107
2024100114250455107
2024100112380455107
2024100218150466207
2024100209380466207
2024100116300466207
2024100113230466207
2024100113220466207
2024100111550466207
2024100109500466207
2024100217570471207
2024100215470471207
2024100214410471207
2024100210270471207
2024100208560471207
2024100208160471207
2024100207250471207
2024100117370471207
2024100116030471207
2024100114010471207
2024100111320471207
2024100109070471207
2024100108000471207
2024100107290471207
2024100107280471207
2024100218510475107
2024100218510475107
2024100217070475107
2024100217040475107
2024100216520475107
2024100214510475107
2024100213180475107
2024100209220475107
2024100207270475107
2024100217060477108
2024100214570477108
2024100210010477108
2024100209230477108
2024100117010477108
2024100112530477108
2024100111070477108
2024100110510477108
2024100109230477108
2024100218340491108
2024100216380491108
2024100214180491108
2024100209440491108
2024100118490491108
2024100118300491108
2024100116130491108
2024100116000491108
2024100114260491108
2024100113520491108
2024100113330491108
2024100113300491108
2024100111520491108
2024100111510491108
2024100111500491108
2024100111500491108
2024100111490491108
2024100111440491108
2024100111430491108
2024100214380495108
2024100214290495108
2024100214010495108
2024100213510495108
2024100210430495108
2024100210420495108
2024100210370495108
2024100210200495108
2024100210060495108
2024100209070495108
2024100207430495108
2024100207420495108
2024100207170495108
2024100116420495108
2024100116030495108
2024100115430495108
2024100113410495108
2024100113320495108
2024100112200495108
2024100112190495108
2024100112150495108
2024100110320495108
2024100108170495108
2024100108170495108
2024100108130495108
2024100107290495108
2024100107270495108
2024100213130496108
2024100213000496108
2024100209310496108
2024100219200499108
2024100215340499108
2024100213050499108
2024100211010499108
2024100210100499108
2024100208360499108
2024100119130499108
2024100118250499108
2024100118210499108
2024100113570499108
2024100112280499108
2024100110200499108
2024100108170499108
2024100110020500108
2024100107520500108
2024100213190519108
2024100211100519108
2024100211020519108
2024100116410519108
2024100116020519108
2024100113100519108
2024100111580519108
2024100110160519108
2024100109270519108
2024100109200519108
2024100221320523001
2024100216210523001
2024100114260535110
2024100113290535110
2024100112110535110
2024100111350535110
2024100111310535110
2024100109430535110
2024100109070535110
2024100109050535110
2024100109040535110
2024100109040535110
2024100109020535110
2024100107330535110
2024100107310535110
2024100218500537110
2024100216240537110
2024100213060537110
2024100209290537110
2024100209280537110
2024100115210537110
2024100115200537110
2024100115150537110
2024100113000537110
2024100111490537110
2024100110160537110
2024100109140537110
2024100216120541110
2024100216110541110
2024100213080541110
2024100213080541110
2024100212480541110
2024100212340541110
2024100212330541110
2024100116300541110
2024100115090541110
2024100115010541110
2024100114550541110
2024100214440546111
2024100214320546111
2024100209250546111
2024100209240546111
2024100209170546111
2024100209150546111
2024100216260552211
2024100213440552211
2024100212180552211
2024100212090552211
2024100211500552211
2024100210110552211
2024100209100552211
2024100209060552211
2024100115530552211
2024100115130552211
2024100115030552211
2024100114210552211
2024100113090552211
2024100109550552211
2024100109430552211
2024100109140552211
2024100116340559111
2024100115590559111
2024100114210559111
2024100113240559111
2024100111240559111
2024100111230559111
2024100109370559111
2024100109240559111
2024100219160561111
2024100213360561111
2024100210490561111
2024100208580561111
2024100207560561111
2024100104190561111
2024100111580565111
2024100111470565111
2024100110210565111
2024100108460565111
2024100107580565111
2024100107380565111
2024100107190565111
2024100107150565111
2024100102560565111
2024100102440565111
2024100102430565111
2024100102340565111
2024100102320565111
2024100102310565111
2024100102300565111
2024100102200565111
2024100102170565111
2024100102010565111
2024100101530565111
2024100101130565111
2024100101120565111
2024100216050566111
2024100214170566111
2024100115440566111
2024100115380566111
2024100112420566111
2024100112080566111
2024100111540566111
2024100218210570111
2024100217200570111
2024100215560570111
2024100214250570111
2024100210320570111
2024100209560570111
2024100216550578112
2024100214590578112
2024100213520578112
2024100213440578112
2024100211580578112
2024100208420578112
2024100116540578112
2024100115160578112
2024100114030578112
2024100113170578112
2024100108520578112
2024100218110581112
2024100217210581112
2024100215000581112
2024100213480581112
2024100209160581112
2024100117570581112
2024100117450581112
2024100115180581112
2024100113010581112
2024100111210581112
2024100109240581112
2024100216330599212
2024100209000599212
2024100208590599212
2024100116480602113
2024100115520602113
2024100113540602113
2024100112130602113
2024100107520602113
2024100107500602113
2024100220550610113
2024100220060610113
2024100219280610113
2024100219080610113
2024100217570610113
2024100217250610113
2024100214040610113
2024100213560610113
2024100210490610113
2024100210390610113
2024100208520610113
2024100208410610113
2024100120250610113
2024100120150610113
2024100120030610113
2024100118030610113
2024100116460610113
2024100115310610113
2024100113530610113
2024100113320610113
2024100113120610113
2024100112430610113
2024100111540610113
2024100111410610113
2024100108320610113
2024100108160610113
2024100107510610113
2024100120140616113
2024100120070616113
2024100118390616113
2024100118010616113
2024100116280616113
2024100110560616113
2024100110330616113
2024100109470616113
2024100109100616113
2024100114360619213
2024100111320619213
2024100109560619213
2024100109060619213
2024100116430621113
2024100116430621113
2024100116010621113
2024100113100621113
2024100112250621113
2024100111590621113
2024100110030621113
2024100110020621113
2024100218160624113
2024100218090624113
2024100213330624113
2024100209420624113
2024100116300624113
2024100115370624113
2024100113070624113
2024100109290624113
2024100216580633114
2024100216390633114
2024100212510633114
2024100212030633114
2024100211340633114
2024100210040633114
2024100208490633114
2024100120500633114
2024100117230633114
2024100114320633114
2024100109410633114
2024100116280636114
2024100115200636114
2024100109390636114
2024100216350637114
2024100215140637114
2024100215100637114
2024100214060637114
2024100209100637114
2024100116250637114
2024100115500637114
2024100114590637114
2024100114550637114
2024100113440637114
2024100113250637114
2024100111120637114
2024100111090637114
2024100111080637114
2024100110060637114
2024100109580637114
2024100109160637114
2024100108120637114
2024100108110637114
2024100217570642114
2024100217560642114
2024100217210642114
2024100214110642114
2024100213070642114
2024100211010642114
2024100210420642114
2024100209560642114
2024100216190647114
2024100215100647114
2024100215000647114
2024100214020647114
2024100213010647114
2024100212070647114
2024100211580647114
2024100210030647114
2024100208080647114
2024100207520647114
2024100207200647114
2024100116230647114
2024100113150647114
2024100113090647114
2024100112150647114
2024100112050647114
2024100111520647114
2024100111190647114
2024100108570647114
2024100108220647114
2024100108130647114
2024100107360647114
2024100216490648214
2024100215070648214
2024100215060648214
2024100212560648214
2024100212430648214
2024100212430648214
2024100116420651114
2024100116010651114
2024100113100651114
2024100112240651114
2024100110390651114
2024100110290651114
2024100117090653114
2024100116430653114
2024100116290653114
2024100116010653114
2024100116000653114
2024100115590653114
2024100113290653114
2024100113100653114
2024100110460653114
2024100216380657214
2024100214450657214
2024100209450657214
2024100209170657214
2024100116280657214
2024100115550657214
2024100114100657214
2024100109590657214
2024100218460659115
2024100218160659115
2024100217340659115
2024100217330659115
2024100217320659115
2024100216410659115
2024100215590659115
2024100213160659115
2024100209230659115
2024100115220659115
2024100115200659115
2024100115200659115
2024100109270659115
2024100221320664115
2024100221300664115
2024100221240664115
2024100218190664115
2024100217320666215
2024100208120666215
2024100208010666215
2024100207340666215
2024100116430666215
2024100116280666215
2024100113160666215
2024100113140666215
2024100111400666215
2024100110580666215
2024100109180666215
2024100108350666215
2024100220550671115
2024100219050671115
2024100218520671115
2024100218180671115
2024100210450671115
2024100209240671115
2024100208510671115
2024100121000671115
2024100120590671115
2024100120560671115
2024100120240671115
2024100119300671115
2024100119270671115
2024100119130671115
2024100118560671115
2024100118020671115
2024100116540671115
2024100115170671115
2024100114350671115
2024100113540671115
2024100113110671115
2024100112520671115
2024100112250671115
2024100110340671115
2024100110090671115
2024100109180671115
2024100108520671115
2024100108270671115
2024100213490680115
2024100213490680115
2024100212350680115
2024100212070680115
2024100212070680115
2024100211360680115
2024100116500680115
2024100115360680115
2024100115220680115
2024100113200680115
2024100113200680115
2024100112280680115
2024100215020681115
2024100215020681115
2024100213490681115
2024100213490681115
2024100212420681115
2024100212410681115
2024100217060685115
2024100217020685115
2024100215170685115
2024100213390685115
2024100213360685115
2024100209140685115
2024100209090685115
2024100117150685115
2024100115140685115
2024100114570685115
2024100112180685115
2024100111540685115
2024100109200685115
2024100109140685115
2024100109120685115
2024100106060686115
2024100105110686115
2024100116360690215
2024100112060690215
2024100111520690215
2024100109320690215
2024100109320690215
2024100216550691215
2024100212540691215
2024100210480691215
2024100116540691215
2024100116420691215
2024100110470691215
2024100110390691215
2024100216520693115
2024100216290693115
2024100216100693115
2024100215440693115
2024100215120693115
2024100215010693115
2024100214110693115
2024100213320693115
2024100213110693115
2024100212400693115
2024100211590693115
2024100211310693115
2024100209550693115
2024100216380695115
2024100215500695115
2024100215460695115
2024100211140695115
2024100116400695115
2024100115010695115
2024100111350695115
2024100109140695115
2024100109120695115
2024100222300696115
2024100220260696115
2024100217250696115
2024100217010696115
2024100216580696115
2024100214060696115
2024100213580696115
2024100213570696115
2024100213550696115
2024100120190696115
2024100120160696115
2024100120020696115
2024100119100696115
2024100118000696115
2024100117580696115
2024100117580696115
2024100116560696115
2024100114320696115
2024100113130696115
2024100112230696115
2024100112030696115
2024100108460696115
2024100108250696115
2024100107520696115
2024100107350696115
2024100107170696115
2024100218170704116
2024100218150704116
2024100218100704116
2024100216280704116
2024100214220704116
2024100214170704116
2024100210160704116
2024100208120704116
2024100208100704116
2024100116310704116
2024100116300704116
2024100116200704116
2024100112190704116
2024100108570704116
2024100108180704116
2024100219140707116
2024100216460707116
2024100216430707116
2024100216370707116
2024100208010707116
2024100119260707116
2024100117480707116
2024100115540707116
2024100114190707116
2024100113010707116
2024100110300707116
2024100109330707116
2024100108500707116
2024100110330708116
2024100109580708116
2024100109230708116
2024100109210708116
2024100215190709216
2024100209400709216
2024100223400712116
2024100221300712116
2024100217530712116
2024100217430712116
2024100216580712116
2024100216340712116
2024100208130712116
2024100215400718116
2024100215350718116
2024100215140718116
2024100214420718116
2024100213500718116
2024100213390718116
2024100213120718116
2024100212260718116
2024100211540718116
2024100211290718116
2024100210300718116
2024100208550718116
2024100207470718116
2024100117020718116
2024100116260718116
2024100115110718116
2024100114560718116
2024100114520718116
2024100113350718116
2024100112440718116
2024100111440718116
2024100111110718116
2024100109490718116
2024100108080718116
2024100107530718116
2024100212230721002
2024100210380721002
2024100116570721002
2024100115160721002
2024100114470721002
2024100110560721002
2024100110150721002
2024100218080722116
2024100215060722116
2024100212110722116
2024100208530722116
2024100118290722116
2024100117270722116
2024100117150722116
2024100116220722116
2024100112120722116
2024100111420722116
2024100111250722116
2024100109460722116
2024100217510723217
2024100215380723217
2024100214140723217
2024100212430723217
2024100211050723217
2024100210210723217
2024100117360723217
2024100117060723217
2024100116140723217
2024100114440723217
2024100114440723217
2024100112460723217
2024100112070723217
2024100111230723217
2024100109450723217
2024100109450723217
2024100117200724117
2024100115510724117
2024100112090724117
2024100109050724117
2024100217100728117
2024100213550728117
2024100210440728117
2024100210410728117
2024100209260728117
2024100208570728117
2024100208510728117
2024100208440728117
2024100208210728117
2024100201510728117
2024100200060728117
2024100121260728117
2024100121060728117
2024100121050728117
2024100121040728117
2024100119380728117
2024100119240728117
2024100118480728117
2024100118460728117
2024100118390728117
2024100218350732117
2024100218330732117
2024100218170732117
2024100216120732117
2024100213420732117
2024100209110732117
2024100209080732117
2024100118470732117
2024100118230732117
2024100115130732117
2024100114490732117
2024100112240732117
2024100108570732117
2024100108560732117
2024100213240734117
2024100210500734117
2024100208540734117
2024100207180734117
2024100207160734117
2024100207160734117
2024100207150734117
2024100206590734117
2024100113290734117
2024100113280734117
2024100113260734117
2024100112070734117
2024100111280734117
2024100109230734117
2024100108520734117
2024100216370739117
2024100215070739117
2024100214140739117
2024100210120739117
2024100209350739117
2024100116560739117
2024100114580739117
2024100114480739117
2024100113040739117
2024100109350739117
2024100118200740117
2024100118010740117
2024100115510740117
2024100114530740117
2024100114520740117
2024100112200740117
2024100112070740117
2024100111540740117
2024100111400740117
2024100111380740117
2024100111300740117
2024100111200740117
2024100111160740117
2024100110520740117
2024100110520740117
2024100110450740117
2024100103220740117
2024100103210740117
2024100103200740117
2024100103200740117
2024100102500740117
2024100102390740117
2024100102390740117
2024100102370740117
2024100102350740117
2024100102340740117
2024100102320740117
2024100102300740117
2024100102300740117
2024100102290740117
2024100102290740117
2024100102190740117
2024100102190740117
2024100102160740117
2024100102150740117
2024100102150740117
2024100102140740117
2024100102140740117
2024100102130740117
2024100102130740117
2024100102120740117
2024100102110740117
2024100102080740117
2024100102040740117
2024100102020740117
2024100102010740117
2024100101560740117
2024100101380740117
2024100101360740117
2024100101350740117
2024100101140740117
2024100100580740117
2024100100570740117
2024100100570740117
2024100100550740117
2024100100550740117
2024100100540740117
2024100100540740117
2024100100540740117
2024100100530740117
2024100100300740117
2024100100290740117
2024100100190740117
2024100100170740117
2024100100160740117
2024100100160740117
2024100100150740117
2024100100120740117
2024100100120740117
2024100100110740117
2024100100100740117
2024100100010740117
2024100100010740117
2024100100000740117
2024100217480745118
2024100213370745118
2024100207270745118
2024100205480745118
2024100118260745118
2024100112110745118
2024100111010745118
2024100109470745118
2024100218320749118
2024100218120749118
2024100215540749118
2024100213430749118
2024100211350749118
2024100209230749118
2024100209190749118
2024100118290749118
2024100117400749118
2024100114050749118
2024100112470749118
2024100111200749118
2024100109190749118
2024100116000750118
2024100115020750118
2024100113050750118
2024100113020750118
2024100111510750118
2024100109490750118
2024100109260750118
2024100114120752118
2024100113200752118
2024100113190752118
2024100113190752118
2024100113040752118
2024100111120752118
2024100218430753118
2024100215350753118
2024100215330753118
2024100213010758119
2024100208420758119
2024100207510758119
2024100111200758119
2024100111180758119
2024100107460758119
2024100213520760119
2024100211000760119
2024100113270760119
2024100113260760119
2024100113260760119
2024100113250760119
2024100111200760119
2024100216410762219
2024100212570762219
2024100212330762219
2024100212140762219
2024100212130762219
2024100212060762219
2024100212060762219
2024100117320762219
2024100117300762219
2024100115140762219
2024100113180762219
2024100112460762219
2024100112000762219
2024100112000762219
2024100217060763119
2024100215090763119
2024100214580763119
2024100213030763119
2024100213020763119
2024100212250763119
2024100212160763119
2024100212150763119
2024100212000763119
2024100209100763119
2024100208550763119
2024100208160763119
2024100120220763119
2024100120080763119
2024100118130763119
2024100118070763119
2024100118060763119
2024100117580763119
2024100117580763119
2024100117420763119
2024100116170763119
2024100113430763119
2024100113320763119
2024100113140763119
2024100113120763119
2024100113070763119
2024100112450763119
2024100112350763119
2024100112180763119
2024100112030763119
2024100111590763119
2024100111300763119
2024100109070763119
2024100108380763119
2024100108210763119
2024100108200763119
2024100108200763119
2024100108140763119
2024100108120763119
2024100107390763119
2024100220240768219
2024100218500768219
2024100216480768219
2024100207130768219
2024100117420768219
2024100117420768219
2024100117090768219
2024100115310768219
2024100114590768219
2024100112140768219
2024100112060768219
2024100109430768219
2024100109280768219
2024100216530770119
2024100216460770119
2024100113090775120
2024100112470775120
2024100220130776221
2024100213530776221
2024100213480776221
2024100118090776221
2024100117150776221
2024100115220776221
2024100114420776221
2024100112470776221
2024100112100776221
2024100111200776221
2024100110190776221
2024100109550776221
2024100217360779222
2024100215070779222
2024100210200779222
2024100209370779222
2024100117080779222
2024100116290779222
2024100115030779222
2024100114270779222
2024100110220779222
2024100214540780123
2024100210370780123
2024100209590780123
2024100216570781224
2024100216500781224
2024100216430781224
2024100208150781224
2024100207440781224
2024100117110781224
2024100116500781224
2024100114320781224
2024100113020781224
2024100112500781224
2024100111130781224
2024100109060781224
2024100108280781224
2024100108210781224
2024100210272024001
2024100208262024001
2024100201102024001
2024100121062024001
2024100119262024001
2024100118302024001
2024100118262024001
2024100214312024002
2024100214082024002
2024100214042024002
2024100210452024002
2024100210402024002
2024100210282024002
2024100110192024002
2024100104282024002
2024100102122024002
2024100102092024002
2024100102032024002
2024100101352024002
2024100217182024003
2024100210172024003
2024100209032024003
2024100223222024004
2024100222082024004
2024100219462024004
2024100219132024004
2024100219022024004
2024100218432024004
2024100117022024004
2024100116422024004
2024100112592024004
2024100112442024004
2024100112322024004
2024100112132024004
2024100111442024004
2024100111432024004
2024100111342024004
2024100110592024004
2024100110222024004
2024100102152024006
2024100102102024006
2024100102042024006
2024100102022024006
2024100102012024006
2024100102002024006
2024100101572024006
202410020233630909
202410020110630909
202410020011630909
202410021319630910
202410011539630910
202410010839630910
202410010838630910
202410021804D052121
202410021604D052121
202410020952D052121
202410011510D052121
202410011510D052121
202410011325D052121
202410011232D052121
202410010936D052121
202410021256D053121
202410021224D053121
202410020924D053121
202410020900D053121
202410011725D053121
202410011444D053121
202410011153D053121
202410021750D055122
202410021537D055122
202410021451D055122
202410021234D055122
202410021230D055122
202410021201D055122
202410021045D055122
202410020910D055122
202410011904D055122
202410011737D055122
202410011421D055122
202410011220D055122
202410011214D055122
202410011130D055122
202410011025D055122
202410010909D055122
202410010909D055122
202410021827D056122
202410021825D056122
202410021723D056122
202410011758D056122
202410011730D056122
202410011323D056122
202410011322D056122
202410011142D056122
202410010948D056122
202410010947D056122
202410010901D056122
202410021605D057223
202410021423D057223
202410021247D057223
202410021138D057223
202410020943D057223
202410021942D202409005
202410021359D202409005
202410010355D202409006
202410010350D202409006
202410010341D202409006
202410010340D202409006
202410021102D202409007
202410020716D202409007
