2024100813460014192
2024100813250024192
2024100813580117194
2024100813530117194
2024100813410156195
2024100813400156195
2024100813230314197
2024100813300324001
2024100813210324001
2024100813070324001
2024100813410380104
2024100813440398205
2024100813050402105
2024100814000416206
2024100813540416206
2024100813430417206
2024100813290421008
2024100813350421029
2024100813360421160
2024100813350421160
2024100813330421160
2024100813120421160
2024100813310421162
2024100813220421162
2024100813560421163
2024100813340421165
2024100814010421166
2024100813580421166
2024100813570421166
2024100813430421166
2024100813260421166
2024100813520421193
2024100813490421193
2024100813180421193
2024100813160421193
2024100813140421193
2024100813360429106
2024100813410432106
2024100813380452107
2024100813310452107
2024100813200453107
2024100813190455107
2024100813130471207
2024100813350491108
2024100813260500108
2024100813280537110
2024100813260537110
2024100813320541110
2024100813380552211
2024100813320552211
2024100813100552211
2024100813300559111
2024100813120561111
2024100813110565111
2024100813090578112
2024100813390602113
2024100813430610113
2024100813200610113
2024100813200610113
2024100813320624113
2024100813580642114
2024100813500647114
2024100813480647114
2024100814040651114
2024100813060651114
2024100813050651114
2024100813570657214
2024100813260657214
2024100813340659115
2024100813280659115
2024100813410664115
2024100813240666215
2024100814040671115
2024100813100671115
2024100814030680115
2024100813170680115
2024100813140684115
2024100813110684115
2024100813440686115
2024100813400686115
2024100813100686115
2024100813170690215
2024100814040693115
2024100813280693115
2024100813260696115
2024100813200697115
2024100813430704116
2024100813290707116
2024100813430718116
2024100813180721002
2024100813520732117
2024100813060749118
2024100813570752118
2024100813410752118
2024100813240768219
2024100813050775120
2024100813580779222
202410081359630909
202410081327D057223
202410081322D057223
