2024100915420048192
2024100915540325100
2024100915410326200
2024100915070326200
2024100915050326200
2024100915510380104
2024100915370400105
2024100915480402105
2024100915390402105
2024100915050405205
2024100915500421059
2024100915540421135
2024100915520421160
2024100915360421160
2024100915320421160
2024100915250421160
2024100915250421160
2024100915180421160
2024100915100421160
2024100915080421162
2024100916020421163
2024100915570421165
2024100915330421167
2024100915410421186
2024100915430421193
2024100915250446107
2024100915110452107
2024100915060452107
2024100916040453107
2024100915570453107
2024100915390453107
2024100915320453107
2024100915300565111
2024100915340602113
2024100915520631114
2024100915550647114
2024100915350647114
2024100915090648214
2024100915490651114
2024100915210653114
2024100915120653114
2024100915110653114
2024100915420664115
2024100915440671115
2024100915070671115
2024100915060671115
2024100916000680115
2024100915190682115
2024100915140682115
2024100915190686115
2024100915190696115
2024100915390697115
2024100915120707116
2024100915560708116
2024100915350712116
2024100915320712116
2024100915500716116
2024100915080718116
2024100915060718116
2024100915490723217
2024100915480723217
2024100915540727117
2024100915530727117
2024100915530728117
2024100915070734117
2024100915060739117
2024100915560750118
2024100915510758119
2024100915450775120
2024100915430775120
2024100915510779222
2024100915390780123
2024100915312024001
2024100915052024005
202410091602630910
202410091554D053121
202410091543D055122
202410091526D055122
202410091514D055122
