2024101809130149195
2024101809330215196
2024101809550421001
2024101809540421001
2024101810030421002
2024101809410421002
2024101809130421062
2024101809430421160
2024101809310421160
2024101809300421160
2024101809210421160
2024101809190421162
2024101809170421162
2024101809160421162
2024101809310421167
2024101809070421167
2024101809150421169
2024101809450421186
2024101809130421186
2024101809270421193
2024101809270421193
2024101809150421193
2024101810020435106
2024101809260435106
2024101809570537110
2024101809560537110
2024101809480537110
2024101809290537110
2024101809560565111
2024101809270565111
2024101809230565111
2024101809220565111
2024101809180581112
2024101809250602113
2024101809470616113
2024101809400636114
2024101809580642114
2024101809520642114
2024101809390642114
2024101809270642114
2024101809230642114
2024101809370659115
2024101809470697115
2024101809400697115
2024101809360721002
2024101809150721002
2024101809440724117
2024101809350740117
2024101809340740117
2024101809340740117
2024101809330740117
2024101809270740117
2024101809210763119
2024101809530770119
2024101809432024002
202410180947D055122
