2024100708080010192
2024100708140014192
2024100708320253197
2024100708210385104
2024100708430386104
2024100708520398205
2024100708580400105
2024100708070405205
2024100709040421135
2024100708550421160
2024100708240421160
2024100708500421162
2024100708060421162
2024100708070421165
2024100708060421165
2024100708050421165
2024100709010421166
2024100708370421166
2024100708220421166
2024100708210421166
2024100708430421167
2024100708420421167
2024100708590435106
2024100708380455107
2024100708370455107
2024100708420471207
2024100708370471207
2024100709040477108
2024100708180499108
2024100709010552211
2024100708560571111
2024100708200571111
2024100708400578112
2024100708530602113
2024100708530610113
2024100708440610113
2024100708510642114
2024100708160643114
2024100708420647114
2024100708250647114
2024100708430666215
2024100709030671115
2024100708430671115
2024100708080696115
2024100708490704116
2024100708190704116
2024100708160704116
2024100708400707116
2024100708290707116
2024100708380709216
2024100708270709216
2024100708130763119
2024100708430767119
2024100708430767119
2024100708450776221
2024100709010781224
2024100708260781224
202410070835D053121
202410070817D202409007
