2024101415580014192
2024101415470215196
2024101415420267197
2024101415250350102
2024101415570398205
2024101415050398205
2024101415570400105
2024101415580402105
2024101415440417206
2024101415430417206
2024101415120421029
2024101415420421062
2024101415250421135
2024101415300421160
2024101415100421162
2024101415050421166
2024101415450421193
2024101415260446107
2024101415280453107
2024101416040459107
2024101415350459107
2024101416040471207
2024101416010495108
2024101415130495108
2024101415410537110
2024101415250566111
2024101415490571111
2024101415460581112
2024101415120599212
2024101415080602113
2024101415340616113
2024101415320616113
2024101416000636114
2024101415510636114
2024101415430636114
2024101415070647114
2024101416030652114
2024101415460657214
2024101415450657214
2024101415430657214
2024101415470667215
2024101415150695115
2024101415320720216
2024101415270720216
2024101416040721002
2024101415420723217
2024101415220740117
2024101415240750118
2024101416010764119
2024101416000764119
2024101415320764119
2024101415542024005
2024101415462024005
202410141524630910
202410141559D055122
