2024100807300024192
2024100807190314197
2024100807070314197
2024100807550380104
2024100807500380104
2024100807410402105
2024100807080402105
2024100807160416206
2024100807120416206
2024100807130421062
2024100807090421062
2024100807070421135
2024100807440421160
2024100807430421160
2024100807320421160
2024100807580421162
2024100807550421162
2024100807060421163
2024100807180429106
2024100807540432106
2024100807110471207
2024100807100471207
2024100807490475107
2024100808010500108
2024100807390523001
2024100807420571111
2024100807570602113
2024100807540602113
2024100807540619213
2024100807540633114
2024100808000642114
2024100807490647114
2024100807350647114
2024100807360666215
2024100807430680115
2024100808020718116
2024100807400718116
2024100807380718116
2024100807222024004
202410080756630909
