2024100715210010192
2024100715380014192
2024100715190024192
2024100715050024192
2024100715080084194
2024100715560123001
2024100716040267197
2024100716030267197
2024100715310267197
2024100715450277197
2024100715580325100
2024100715390380104
2024100715420400105
2024100715530402105
2024100715050402105
2024100715100417206
2024100716010421135
2024100716020421160
2024100715590421160
2024100715370421160
2024100715340421160
2024100715320421160
2024100715240421160
2024100715090421162
2024100715340421188
2024100715170421193
2024100715160421193
2024100715560431106
2024100715220435106
2024100715370446107
2024100715290446107
2024100715110446107
2024100715160453107
2024100715100453107
2024100715230455107
2024100715440459107
2024100715220463107
2024100715050463107
2024100715570471207
2024100715190495108
2024100715250496108
2024100715180496108
2024100715360523001
2024100715310523001
2024100715070552211
2024100715160559111
2024100715350561111
2024100715460567111
2024100715420567111
2024100715360610113
2024100715540636114
2024100715410636114
2024100715260636114
2024100715120642114
2024100715070643114
2024100715160647114
2024100715060647114
2024100715460652114
2024100715310652114
2024100715530664115
2024100715470680115
2024100715460680115
2024100715080680115
2024100715070680115
2024100715060680115
2024100715130682115
2024100715330691215
2024100715470693115
2024100715520708116
2024100715360708116
2024100715320708116
2024100715090718116
2024100715080720216
2024100715160724117
2024100716000728117
2024100716010734117
2024100715270734117
2024100715110734117
2024100715260740117
2024100715220740117
2024100715500753118
2024100715500753118
2024100715380763119
2024100715280763119
2024100715550775120
2024100715292024002
202410071603D052121
202410071550D055122
