2024100811540024192
2024100812000117194
2024100811590156195
2024100811590156195
2024100811540191196
2024100811190215196
2024100811050215196
2024100811100253197
2024100811470277197
2024100811070314197
2024100811500325100
2024100811520386104
2024100811530398205
2024100811440398205
2024100811110416206
2024100812000421160
2024100811430421160
2024100811380421160
2024100811280421160
2024100811470421162
2024100811260421166
2024100811450421167
2024100811500432106
2024100811460455107
2024100811410455107
2024100811410455107
2024100811190477108
2024100811320491108
2024100811550500108
2024100811170546111
2024100811220552211
2024100811330559111
2024100812040561111
2024100811050561111
2024100811490565111
2024100811100610113
2024100812020647114
2024100811490647114
2024100811430647114
2024100811490648214
2024100811390648214
2024100811140671115
2024100812010680115
2024100812010684115
2024100812020685115
2024100811560693115
2024100811430696115
2024100811550697115
2024100811080708116
2024100811160718116
2024100811180721002
2024100811320732117
2024100811300752118
2024100812020763119
2024100811110775120
2024100812010779222
2024100811560781224
202410081200630909
202410081118D057223
