2024100209220010192
2024100209290014192
2024100209130014192
2024100209090048192
2024100209380084194
2024100209370084194
2024100209340084194
2024100209320084194
2024100209310084194
2024100209270084194
2024100209250084194
2024100209210084194
2024100209140084194
2024100210020096194
2024100209570096194
2024100209440120194
2024100209360149195
2024100209470253197
2024100209280253197
2024100209290314197
2024100209350350102
2024100209510380104
2024100209360386104
2024100209060398205
2024100209210402105
2024100209490417206
2024100209340417206
2024100209580421002
2024100209560421002
2024100210020421008
2024100209450421029
2024100209580421060
2024100209560421060
2024100209370421060
2024100209280421060
2024100209180421135
2024100209520421160
2024100209380421160
2024100209380421160
2024100209300421160
2024100209390421162
2024100209380421162
2024100209370421162
2024100209330421162
2024100209320421162
2024100209230421162
2024100209400421165
2024100209390421165
2024100209340421165
2024100209330421165
2024100209320421165
2024100209210421165
2024100209320421183
2024100210040421188
2024100209420421188
2024100209130421188
2024100209570421193
2024100209170421193
2024100209280421195
2024100209220421195
2024100209540446107
2024100209560453107
2024100209380466207
2024100209220475107
2024100210010477108
2024100209230477108
2024100209440491108
2024100209070495108
2024100209310496108
2024100209290537110
2024100209280537110
2024100209250546111
2024100209240546111
2024100209170546111
2024100209150546111
2024100209100552211
2024100209060552211
2024100209560570111
2024100209160581112
2024100209420624113
2024100210040633114
2024100209100637114
2024100209560642114
2024100210030647114
2024100209450657214
2024100209170657214
2024100209230659115
2024100209240671115
2024100209140685115
2024100209090685115
2024100209550693115
2024100209400709216
2024100209260728117
2024100209110732117
2024100209080732117
2024100209350739117
2024100209230749118
2024100209190749118
2024100209100763119
2024100209370779222
2024100209590780123
202410020952D052121
202410020924D053121
202410020910D055122
202410020943D057223
