2024101608500014192
2024101608500048192
2024101608210048192
2024101608220080194
2024101608250156195
2024101608240156195
2024101608500215196
2024101608300253197
2024101608210314197
2024101608280325100
2024101608220325100
2024101608110400105
2024101608260402105
2024101608130416206
2024101608050416206
2024101609000421002
2024101608430421029
2024101608290421029
2024101608540421062
2024101608210421151
2024101608390421160
2024101608180421162
2024101608150421162
2024101608120421162
2024101608110421162
2024101609030421163
2024101608350421167
2024101608280421167
2024101608270421167
2024101608490421175
2024101608170421178
2024101609030421186
2024101608490421199
2024101608490421200
2024101608400421201
2024101608440421206
2024101609010478108
2024101608330478108
2024101608130495108
2024101608070495108
2024101608070495108
2024101608080571111
2024101608420578112
2024101608240581112
2024101608530599212
2024101608450610113
2024101609000616113
2024101609040625113
2024101608590633114
2024101608220637114
2024101608150637114
2024101608300671115
2024101608110674115
2024101608420695115
2024101608410695115
2024101608310696115
2024101608170704116
2024101608230734117
2024101608150734117
2024101608140734117
2024101608530763119
2024101608090768219
2024101608260781224
2024101608220781224
2024101608232024005
2024101608102024005
202410160855D057223
202410160838VIP-03
