2024101815120080194
2024101816030398205
2024101815350398205
2024101815170398205
2024101815340417206
2024101815540421042
2024101815230421042
2024101815190421042
2024101815270421062
2024101816010421160
2024101815570421160
2024101815530421160
2024101815520421160
2024101815470421160
2024101815320421162
2024101815310421162
2024101815240421162
2024101815220421162
2024101815210421162
2024101815160421162
2024101815260421163
2024101815160421166
2024101815140421166
2024101815210421167
2024101815490421175
2024101815570421186
2024101815050475107
2024101815170499108
2024101815530537110
2024101815380538110
2024101816010571111
2024101815290578112
2024101815420616113
2024101815060671115
2024101815500691215
2024101815280691215
2024101815180693115
2024101815380695115
2024101815210712116
2024101815460724117
2024101815140770119
2024101815590776221
2024101815240779222
2024101815532024001
2024101815202024002
202410181559630909
