2024100207310010192
2024100207460314197
2024100207430314197
2024100207120314197
2024100207050314197
2024100207380380104
2024100207280400105
2024100208010416206
2024100207580416206
2024100207150421135
2024100208010421160
2024100207540421160
2024100207390421160
2024100207300421163
2024100207370421165
2024100207190421195
2024100207150421195
2024100207490429106
2024100207440452107
2024100207250471207
2024100207270475107
2024100207430495108
2024100207420495108
2024100207170495108
2024100207560561111
2024100207520647114
2024100207200647114
2024100208010666215
2024100207340666215
2024100208010707116
2024100207470718116
2024100207180734117
2024100207160734117
2024100207160734117
2024100207150734117
2024100207270745118
2024100207510758119
2024100207130768219
2024100207440781224
202410020716D202409007
