2024100411270014192
2024100412010048192
2024100411150117194
2024100411140117194
2024100411310350102
2024100411390421188
2024100412030421191
2024100412010421191
2024100411340452107
2024100411080499108
2024100411120523001
2024100411510541110
2024100411510541110
2024100411240559111
2024100411290563111
2024100411340581112
2024100411320680115
2024100411530695115
2024100411340732117
2024100411200763119
2024100411050768219
2024100411580781224
2024100411192024005
2024100411082024005
202410041114D053121
202410041144D055122
202410041107D056122
202410041135D057223
