2024101414480014192
2024101414550024192
2024101415010084194
2024101414540084194
2024101414140120194
2024101414560191196
2024101414220191196
2024101414480267197
2024101414490314197
2024101414520325100
2024101414390398205
2024101414580405205
2024101414300421003
2024101414090421029
2024101414470421062
2024101414510421160
2024101414450421160
2024101414270421162
2024101414260421167
2024101414190421183
2024101415040421206
2024101414150435106
2024101414580452107
2024101414230453107
2024101414140453107
2024101414060453107
2024101414050475107
2024101414500477108
2024101414510478108
2024101414560495108
2024101414480495108
2024101414270495108
2024101414120495108
2024101414400499108
2024101414360552211
2024101414500559111
2024101414380565111
2024101414340565111
2024101414100565111
2024101414360571111
2024101414530616113
2024101414310647114
2024101414530652114
2024101414440652114
2024101414420652114
2024101414540657214
2024101414190659115
2024101414350685115
2024101414370691215
2024101415020707116
2024101414540723217
2024101414350723217
2024101414570739117
2024101414200739117
2024101414310740117
2024101414090749118
2024101414540775120
202410141416D055122
