2024101004320421135
2024101004480421160
2024101004340421160
2024101004330421160
2024101004260421160
2024101004240421160
2024101004230421160
2024101004230421160
2024101004220421160
2024101004190421160
2024101004180421160
2024101005040421162
2024101005020421162
2024101005010421162
2024101004540421162
2024101004430421162
2024101004390421162
2024101004330421162
2024101004430421163
2024101005000421165
2024101004590421165
2024101005040421193
2024101005030421193
2024101004190421195
2024101004380671115
2024101004180671115
2024101004552024005
