2024101113500215196
2024101113580380104
2024101113490421001
2024101113210421135
2024101113170421135
2024101113080421160
2024101113370421162
2024101113080421162
2024101113130421163
2024101113050421163
2024101114040421166
2024101113370421166
2024101113260421166
2024101113180421183
2024101113510421193
2024101113100421193
2024101113070421193
2024101113290429106
2024101113090455107
2024101113320499108
2024101113530519108
2024101113420546111
2024101113420546111
2024101113310546111
2024101113070546111
2024101113530563111
2024101114020565111
2024101113270565111
2024101113340578112
2024101113250578112
2024101113250581112
2024101113230581112
2024101113430610113
2024101114010621113
2024101113590621113
2024101113510621113
2024101113430625113
2024101113100625113
2024101113180633114
2024101113290636114
2024101113560671115
2024101113500680115
2024101113190682115
2024101113540686115
2024101113550695115
2024101113540695115
2024101113540696115
2024101113520696115
2024101114000722116
2024101113310722116
2024101113210775120
2024101113062024005
202410111306630909
202410111402D053121
202410111328D053121
202410111322D055122
202410111348D056122
