2024101617140048192
2024101617350120194
2024101617330120194
2024101618000215196
2024101617360215196
2024101617120314197
2024101617090325100
2024101617570326200
2024101617140350102
2024101617310400105
2024101617500405205
2024101617180421002
2024101617070421029
2024101617130421042
2024101617570421059
2024101617570421160
2024101617090421160
2024101617140421162
2024101618000421193
2024101617410421193
2024101617320421193
2024101617280421193
2024101617050421193
2024101617220435106
2024101617470499108
2024101617230537110
2024101617200566111
2024101617460567111
2024101617110599212
2024101617300610113
2024101617340616113
2024101617230616113
2024101617290619213
2024101617280624113
2024101617260633114
2024101617220664115
2024101617110664115
2024101617400666215
2024101617450671115
2024101617240695115
2024101617100704116
2024101617120709216
2024101617180718116
2024101617200719116
2024101617130739117
2024101617070762219
2024101617060762219
2024101617050763119
2024101617150770119
2024101617420781224
2024101617360781224
