2024101118400080194
2024101118240120194
2024101118220324001
2024101118200324001
2024101118170324001
2024101118300421135
2024101118550421157
2024101119000421162
2024101118400421162
2024101118400421162
2024101118290421162
2024101118210421162
2024101118190421162
2024101118170421162
2024101118300421169
2024101118080421175
2024101119030421193
2024101118120421193
2024101118110421193
2024101118180523001
2024101118290664115
2024101118260664115
2024101118250664115
2024101118160664115
2024101118080664115
2024101118050664115
2024101118590674115
2024101118400684115
2024101119000770119
2024101119012024005
2024101118112024005
202410111849630910
