2024100413480010192
2024100413530084194
2024100413460117194
2024100413210253197
2024100413580350102
2024100414000398205
2024100413460398205
2024100413520417206
2024100413430417206
2024100414020421001
2024100413080421008
2024100414030421135
2024100413190421135
2024100413330421157
2024100414020421160
2024100413530421160
2024100413440421162
2024100414040421166
2024100413450421166
2024100413340421188
2024100413230421188
2024100413160421188
2024100413120421188
2024100413350421191
2024100413260421195
2024100413240421195
2024100413050421195
2024100413460471207
2024100413460475107
2024100413580541110
2024100413570541110
2024100413080541110
2024100413100563111
2024100413190570111
2024100413080571111
2024100413270578112
2024100413200581112
2024100413560610113
2024100413550610113
2024100413100610113
2024100413280642114
2024100413580659115
2024100413070659115
2024100413310671115
2024100413100671115
2024100413320680115
2024100413290684115
2024100413110684115
2024100413510695115
2024100413500695115
2024100413320762219
2024100413300762219
2024100413300763119
2024100413290763119
2024100413220768219
2024100414010770119
2024100413190770119
2024100413470779222
2024100413320781224
2024100414032024005
202410041321D052121
202410041319D052121
202410041327D053121
202410041342D057223
