2024101514240014192
2024101514050024192
2024101514560084194
2024101514300084194
2024101514570191196
2024101514250215196
2024101514530314197
2024101514520398205
2024101514430398205
2024101514310416206
2024101514400421008
2024101514180421029
2024101514370421062
2024101514280421071
2024101514080421151
2024101514340421160
2024101514150421160
2024101514070421160
2024101514080421162
2024101514220421166
2024101514480421167
2024101514440421167
2024101514470432106
2024101514530463107
2024101514420466207
2024101514540477108
2024101514510478108
2024101514190491108
2024101514550495108
2024101514080546111
2024101514060546111
2024101514580565111
2024101514240565111
2024101514230565111
2024101514270602113
2024101514530610113
2024101514270616113
2024101514330619213
2024101514570621113
2024101514450651114
2024101514180664115
2024101514570680115
2024101514570680115
2024101514510685115
2024101514400685115
2024101514070697115
2024101514420708116
2024101514240712116
2024101514550723217
2024101514280723217
2024101514280723217
2024101514250723217
2024101514580724117
2024101514370732117
2024101514550734117
2024101514140734117
2024101514310758119
2024101514130767119
2024101514470780123
2024101514542024004
2024101514282024005
