2024100212120014192
2024100212530024192
2024100212500191196
2024100213030215196
2024100213020215196
2024100213020215196
2024100212200215196
2024100213020253197
2024100212580385104
2024100212560386104
2024100212350421020
2024100213000421160
2024100212180421160
2024100213010421166
2024100212480421166
2024100212440421166
2024100212430421166
2024100212520432106
2024100212120446107
2024100213000496108
2024100212480541110
2024100212340541110
2024100212330541110
2024100212180552211
2024100212090552211
2024100212510633114
2024100213010647114
2024100212070647114
2024100212560648214
2024100212430648214
2024100212430648214
2024100212350680115
2024100212070680115
2024100212070680115
2024100212420681115
2024100212410681115
2024100212540691215
2024100212400693115
2024100212260718116
2024100212230721002
2024100212110722116
2024100212430723217
2024100213010758119
2024100212570762219
2024100212330762219
2024100212140762219
2024100212130762219
2024100212060762219
2024100212060762219
2024100213030763119
2024100213020763119
2024100212250763119
2024100212160763119
2024100212150763119
202410021256D053121
202410021224D053121
202410021234D055122
202410021230D055122
202410021247D057223
