2024100815030014192
2024100814520024192
2024100814440048192
2024100814170149195
2024100814550191196
2024100814540215196
2024100814300253197
2024100814360324001
2024100814260324001
2024100814480325100
2024100814160398205
2024100814500405205
2024100815010421003
2024100814210421004
2024100814410421008
2024100814060421060
2024100814270421071
2024100814440421160
2024100814420421160
2024100814350421160
2024100814320421160
2024100814540421165
2024100814530421165
2024100814150429106
2024100814490463107
2024100815030475107
2024100814090477108
2024100814190541110
2024100814190541110
2024100814220546111
2024100814460552211
2024100814440559111
2024100814320559111
2024100814100559111
2024100814070559111
2024100814510561111
2024100814100563111
2024100814060563111
2024100814580565111
2024100814080565111
2024100814240570111
2024100814180571111
2024100814530610113
2024100815030642114
2024100814480642114
2024100814290647114
2024100814530648214
2024100814450653114
2024100814420664115
2024100814570671115
2024100814500671115
2024100814510682115
2024100814540684115
2024100814330690215
2024100814330690215
2024100814580695115
2024100814260707116
2024100814430718116
2024100814360722116
2024100814080723217
2024100814480724117
2024100814260739117
2024100815000752118
2024100814300752118
2024100814550775120
2024100814520781224
2024100814152024002
202410081428D052121
202410081426D057223
202410081423D057223
202410081409D057223
202410081408D057223
