2024100717090084194
2024100717060120194
2024100717360123001
2024100717260123001
2024100717070149195
2024100717100215196
2024100717470253197
2024100717080314197
2024100717120380104
2024100717070402105
2024100717440405205
2024100717100405205
2024100717270421001
2024100717200421001
2024100717460421002
2024100717290421020
2024100717070421135
2024100717230421160
2024100717180421160
2024100717150421160
2024100717090421160
2024100717050421160
2024100718040421162
2024100717520421162
2024100717480421162
2024100717460421162
2024100717450421162
2024100717350421162
2024100717330421162
2024100717070421167
2024100717570421193
2024100717380421193
2024100717140421193
2024100717060421193
2024100717240429106
2024100717230429106
2024100717570435106
2024100717200453107
2024100717070453107
2024100717240455107
2024100717190455107
2024100717080463107
2024100717060463107
2024100717080477108
2024100717180499108
2024100718020523001
2024100717070523001
2024100717220537110
2024100717270541110
2024100717260541110
2024100717260541110
2024100717180561111
2024100717210565111
2024100717180565111
2024100717180567111
2024100717130570111
2024100717060602113
2024100717310621113
2024100717060633114
2024100717110643114
2024100717270651114
2024100717150653114
2024100717220659115
2024100717210659115
2024100717100664115
2024100717140666215
2024100717240680115
2024100717240682115
2024100717110690215
2024100717050693115
2024100717050695115
2024100718010720216
2024100717580740117
2024100717130750118
2024100717050767119
2024100717550775120
2024100717290775120
2024100717070775120
2024100718002024002
202410071723630909
202410071736D055122
