2024100309210010192
2024100309450024192
2024100309260048192
2024100309580084194
2024100309560084194
2024100309550084194
2024100309540084194
2024100309540084194
2024100309530084194
2024100309470084194
2024100309190084194
2024100309560215196
2024100309480215196
2024100309180215196
2024100309540314197
2024100309450325100
2024100309100398205
2024100309550402105
2024100309510416206
2024100309310421135
2024100309130421162
2024100309480421165
2024100309510421167
2024100309410421167
2024100309520421193
2024100309390421193
2024100309230421193
2024100309470429106
2024100309110429106
2024100309390446107
2024100309060446107
2024100309160463107
2024100309330466207
2024100309080471207
2024100309270477108
2024100309430499108
2024100309580500108
2024100309160537110
2024100309330559111
2024100309380571111
2024100309110578112
2024100309520581112
2024100309480614113
2024100309480614113
2024100309460614113
2024100310000624113
2024100309190625113
2024100309120625113
2024100309440633114
2024100309380633114
2024100309330633114
2024100309570653114
2024100309510659115
2024100310020671115
2024100309270671115
2024100309490682115
2024100309230682115
2024100309560690215
2024100309550690215
2024100309400695115
2024100309320695115
2024100309310695115
2024100309350720216
2024100309340720216
2024100310020722116
2024100309440722116
2024100309430722116
2024100309060722116
2024100310010724117
2024100310020740117
2024100309400750118
2024100310040763119
2024100309190770119
2024100309590779222
2024100309302024002
2024100309162024002
202410030924630910
202410030959D052121
202410030929D052121
202410030911D057223
