2024101818150215196
2024101818260253197
2024101818560421042
2024101818340421042
2024101818270421042
2024101819040421151
2024101818410421160
2024101818310421160
2024101818290421160
2024101818280421160
2024101818180421160
2024101818100421160
2024101818060421160
2024101818560421163
2024101818360421163
2024101818550421186
2024101818200421186
2024101818330435106
2024101818230435106
2024101818290537110
2024101818320538110
2024101818250561111
2024101818400610113
2024101818380616113
2024101818330659115
2024101818380671115
2024101818460724117
2024101818170724117
2024101818570768219
2024101818200776221
2024101818532024003
2024101818252024003
202410181841630909
202410181833630909
202410181822630909
