2024101807590253197
2024101807530253197
2024101807360400105
2024101807290421042
2024101808040421062
2024101807490421062
2024101808000421160
2024101807570421160
2024101807500421160
2024101807230421160
2024101807200421160
2024101807290421162
2024101807210421162
2024101807140421163
2024101807400421165
2024101807510421167
2024101807340421186
2024101807560421195
2024101807350475107
2024101807520523001
2024101807510561111
2024101807510561111
2024101807380602113
2024101807370602113
2024101807430686115
2024101807050686115
2024101807430696115
2024101807550763119
2024101807422024004
2024101807312024004
202410180712630910
202410180710630910
202410180746D055122
