2024100910250014192
2024100910490253197
2024100910050253197
2024100910420314197
2024100910370324001
2024100910360324001
2024100910340324001
2024100910330324001
2024100911030398205
2024100911000405205
2024100910170405205
2024100910090421003
2024100910170421004
2024100910210421042
2024100910520421059
2024100910580421071
2024100910140421135
2024100910390421160
2024100910240421160
2024100910070421160
2024100911000421162
2024100910580421162
2024100910580421162
2024100910410421162
2024100910200421162
2024100910100421166
2024100910560421167
2024100910190421186
2024100910080446107
2024100910400455107
2024100910520471207
2024100910330471207
2024100910310471207
2024100910540496108
2024100910170537110
2024100910560602113
2024100910300653114
2024100910100664115
2024100910290682115
2024100910190682115
2024100910550686115
2024100910210691215
2024100910130693115
2024100910310695115
2024100910310697115
2024100911040716116
2024100911010716116
2024100910050720216
2024100910540721002
2024100910380721002
2024100910360722116
2024100910250734117
2024100910110739117
2024100911020740117
2024100911020740117
2024100910540740117
2024100910380740117
2024100910490776221
2024100910260780123
2024100910482024005
2024100910112024005
202410091013D053121
202410091054D055122
