2024100812260014192
2024100812590048192
2024100812070084194
2024100812380117194
2024100812490120194
2024100812260149195
2024100812320191196
2024100812590253197
2024100812500314197
2024100812590380104
2024100812380398205
2024100813040400105
2024100812270405205
2024100813000416206
2024100812220416206
2024100812090421001
2024100812410421008
2024100812200421135
2024100812500421160
2024100812480421160
2024100812390421160
2024100812080421160
2024100812060421160
2024100812520421162
2024100812430421162
2024100812420421162
2024100813000421167
2024100812480421183
2024100812050463107
2024100812590477108
2024100812230491108
2024100812200519108
2024100812150519108
2024100812050519108
2024100812570538110
2024100812130546111
2024100812570559111
2024100812250559111
2024100812310563111
2024100812050563111
2024100813040565111
2024100812570565111
2024100812230570111
2024100812450581112
2024100812070610113
2024100812520651114
2024100812090651114
2024100812320653114
2024100812290653114
2024100812170671115
2024100812100671115
2024100812050671115
2024100812220680115
2024100812060682115
2024100812160684115
2024100812090684115
2024100812470685115
2024100812080685115
2024100812440690215
2024100812160690215
2024100812280693115
2024100812110696115
2024100812330697115
2024100812080718116
2024100812090722116
2024100812460723217
2024100812140723217
2024100812100724117
2024100812190728117
2024100813010739117
2024100813020752118
2024100812450763119
2024100812440763119
2024100812200763119
2024100812090763119
2024100812550779222
2024100812360779222
2024100812220781224
2024100812080781224
2024100812092024002
202410081255630909
202410081225630909
202410081302D055122
202410081227D055122
202410081226D055122
202410081213D055122
202410081212D057223
202410081211D202409007
