2024100720490048192
2024100720590215196
2024100720570215196
2024100721020253197
2024100720570253197
2024100721040421135
2024100721010421135
2024100721040491108
2024100721040496108
2024100720220523001
2024100720060523001
2024100721010561111
2024100720590561111
2024100720210599212
2024100720080599212
2024100720570610113
2024100720580664115
2024100721030671115
2024100720570671115
2024100721040682115
2024100720580682115
2024100721000686115
2024100720570696115
2024100720580728117
2024100721000734117
2024100720570734117
2024100720320770119
202410072103D202409007
