2024101012130048192
2024101012380156195
2024101012380156195
2024101012050156195
2024101012050156195
2024101012350326200
2024101012560351102
2024101012410380104
2024101012540385104
2024101012520385104
2024101012250402105
2024101012280421059
2024101012240421059
2024101012150421059
2024101012100421059
2024101012300421162
2024101012270421162
2024101012260421162
2024101012260421162
2024101013000421167
2024101013000421167
2024101012210421188
2024101012230435106
2024101012190435106
2024101013040452107
2024101012490452107
2024101012550453107
2024101012370463107
2024101012200500108
2024101012320535110
2024101012320535110
2024101012130535110
2024101012130535110
2024101012180538110
2024101012330566111
2024101013010578112
2024101012310578112
2024101012540594112
2024101013030610113
2024101012170610113
2024101012480621113
2024101012360621113
2024101012280631114
2024101012160631114
2024101012430643114
2024101012450651114
2024101012450651114
2024101012340651114
2024101013020652114
2024101012290652114
2024101012220659115
2024101012510667215
2024101012190667215
2024101012370671115
2024101012160671115
2024101012590682115
2024101012490682115
2024101012390682115
2024101012490684115
2024101012410684115
2024101012500686115
2024101012400686115
2024101012500696115
2024101012480696115
2024101013010704116
2024101012530707116
2024101012150707116
2024101012380722116
2024101012390724117
2024101012170727117
2024101012190750118
2024101012160750118
2024101012320767119
2024101012190767119
2024101012190776221
2024101012402024002
2024101012262024004
2024101012302024005
202410101225630909
202410101303D052121
202410101250D052121
202410101237D055122
202410101207D055122
202410101205D055122
