2024101810570096194
2024101810500096194
2024101810340398205
2024101810260417206
2024101810500421062
2024101810100421062
2024101810280421160
2024101810240421160
2024101810090421160
2024101810340421163
2024101810200421167
2024101810350421193
2024101810330499108
2024101810370538110
2024101810140571111
2024101810070571111
2024101810290581112
2024101810540610113
2024101810100616113
2024101810320642114
2024101810320671115
2024101810050671115
2024101811000680115
2024101810210680115
2024101810460695115
2024101811020697115
2024101810120740117
2024101811010776221
2024101810100776221
2024101810480779222
2024101810300779222
2024101810392024002
202410181028D057223
