2024100707130024192
2024100707110024192
2024100707490314197
2024100707100314197
2024100707290380104
2024100707150380104
2024100707120380104
2024100707580385104
2024100707550416206
2024100707500416206
2024100708040421020
2024100708010421020
2024100707590421020
2024100707290421135
2024100707350421160
2024100707070421160
2024100707490421162
2024100707460421163
2024100707370421163
2024100707590421186
2024100707500421186
2024100707350429106
2024100707300429106
2024100707300429106
2024100707050429106
2024100707590471207
2024100707560500108
2024100707490523001
2024100707400523001
2024100707380523001
2024100707320523001
2024100708020647114
2024100708010696115
2024100707410718116
2024100707400718116
2024100707370728117
202410070755630909
