2024100315310010192
2024100315300010192
2024100315290084194
2024100315410117194
2024100315280117194
2024100315550123001
2024100315130215196
2024100316010398205
2024100315430398205
2024100315260398205
2024100315230400105
2024100315240421160
2024100315080421160
2024100315130421162
2024100315400421167
2024100315380421167
2024100315370421183
2024100315490466207
2024100315580471207
2024100315060471207
2024100316000559111
2024100315310578112
2024100315490594112
2024100315470594112
2024100315470610113
2024100315520614113
2024100315440614113
2024100315150614113
2024100315200642114
2024100315180642114
2024100315480680115
2024100315310680115
2024100315190695115
2024100315270720216
2024100316040724117
2024100316020750118
2024100316040763119
2024100315510763119
2024100315220768219
2024100315470776221
2024100315440776221
2024100315392024002
202410031520D053121
202410031526D055122
202410031507D055122
202410031550D057223
