2024101516330084194
2024101516150191196
2024101517010253197
2024101517040314197
2024101516550385104
2024101516350398205
2024101516300398205
2024101516260421008
2024101517000421029
2024101516290421135
2024101517020421160
2024101516390421160
2024101516240421160
2024101516150421160
2024101516540421162
2024101516510421162
2024101516490421162
2024101516410421162
2024101516380421162
2024101516300421162
2024101516240421162
2024101516090421162
2024101516590421165
2024101516160421165
2024101517020421166
2024101516110421166
2024101516100421166
2024101517020421167
2024101516180421167
2024101516160421169
2024101517010421193
2024101516360421193
2024101516320421193
2024101516290421193
2024101516150432106
2024101516110432106
2024101516560453107
2024101516440453107
2024101516420453107
2024101516390453107
2024101516580463107
2024101516530466207
2024101516330475107
2024101517030477108
2024101516560491108
2024101516430491108
2024101516410500108
2024101516340500108
2024101516320519108
2024101516320519108
2024101516130552211
2024101516580565111
2024101516450565111
2024101516150565111
2024101516170570111
2024101517020578112
2024101516530602113
2024101516390602113
2024101516190610113
2024101517010616113
2024101516280616113
2024101516280621113
2024101516530624113
2024101516440624113
2024101516270651114
2024101516450664115
2024101516550685115
2024101516110685115
2024101516540704116
2024101516490704116
2024101516570707116
2024101516170708116
2024101516050724117
2024101516420732117
2024101516100732117
2024101516580739117
2024101516190739117
2024101516140740117
2024101516070740117
2024101517030758119
2024101517010767119
2024101516280767119
2024101516160776221
2024101516272024004
202410151630D055122
202410151632D202409007
202410151659VIP-01
202410151656VIP-02
202410151656VIP-04
