2024101519480405205
2024101519380421020
2024101519180421020
2024101519150421020
2024101519490421029
2024101519480421029
2024101519450421057
2024101519580421125
2024101519250421125
2024101519450421152
2024101519530421160
2024101519100421160
2024101520020421163
2024101519580421186
2024101519080421186
2024101520020421193
2024101519510421193
2024101519500421199
2024101519470421200
2024101519460421201
2024101519140435106
2024101519140537110
2024101519580561111
2024101519540561111
2024101519510610113
2024101520040633114
2024101519340633114
2024101519140659115
2024101519310671115
2024101519420696115
2024101519350707116
2024101519330753118
2024101519330753118
2024101519420758119
2024101519582024005
2024101519062024005
