2024100817590014192
2024100817120084194
2024100818030120194
2024100817580156195
2024100817540253197
2024100817490253197
2024100817510277197
2024100817320277197
2024100817110314197
2024100817510324001
2024100817290324001
2024100817560325100
2024100817410325100
2024100817530380104
2024100817510380104
2024100817210380104
2024100817190380104
2024100817090400105
2024100817520417206
2024100817220421001
2024100817150421029
2024100818030421160
2024100817550421160
2024100817520421160
2024100817330421160
2024100817200421160
2024100817180421160
2024100817150421160
2024100817140421160
2024100817060421160
2024100817410421162
2024100817370421162
2024100817330421162
2024100817320421162
2024100817280421162
2024100817170421162
2024100817130421162
2024100817110421162
2024100817080421162
2024100817090421166
2024100818010421183
2024100817590421193
2024100817260421193
2024100817340453107
2024100817060463107
2024100817440471207
2024100817550475107
2024100817080477108
2024100817090499108
2024100818020523001
2024100817110538110
2024100817070538110
2024100817270559111
2024100817090559111
2024100817050559111
2024100817520561111
2024100817170561111
2024100817120565111
2024100817390570111
2024100817160571111
2024100817530578112
2024100817190581112
2024100817140581112
2024100817140581112
2024100817140602113
2024100818020610113
2024100817320624113
2024100817590642114
2024100817560648214
2024100817250671115
2024100817050682115
2024100817050686115
2024100817090690215
2024100817090691215
2024100817530693115
2024100817090695115
2024100817160704116
2024100817280707116
2024100817400722116
2024100817420724117
2024100817070724117
2024100818030728117
2024100817570728117
2024100817050728117
2024100817570763119
2024100817400763119
2024100817340763119
2024100817560779222
2024100817460779222
2024100817190779222
2024100817140781224
2024100817502024003
202410081718D055122
202410081712D057223
