2024100815580014192
2024100815410084194
2024100815320084194
2024100815240117194
2024100815490156195
2024100815410215196
2024100815310253197
2024100816000324001
2024100815510380104
2024100815480380104
2024100815400398205
2024100815210398205
2024100815330400105
2024100815340402105
2024100815380405205
2024100815400417206
2024100815330421001
2024100815380421003
2024100815180421008
2024100815240421029
2024100815460421071
2024100815370421071
2024100816030421160
2024100816000421160
2024100815430421160
2024100815300421160
2024100815130421162
2024100815130421162
2024100815540421165
2024100815220421167
2024100815100421167
2024100815300429106
2024100815240429106
2024100815480452107
2024100815270452107
2024100815320453107
2024100815350499108
2024100815510538110
2024100816040552211
2024100815580559111
2024100815500561111
2024100815530565111
2024100815520565111
2024100815060621113
2024100815110633114
2024100815050647114
2024100815140648214
2024100815400653114
2024100815200653114
2024100815180653114
2024100815430664115
2024100815370664115
2024100815070671115
2024100815220680115
2024100815080682115
2024100815520685115
2024100815070685115
2024100815250693115
2024100815120696115
2024100816020697115
2024100815350697115
2024100815060718116
2024100815560721002
2024100815430732117
2024100816000739117
2024100815340739117
2024100815280752118
2024100815260752118
2024100815250763119
2024100815150763119
2024100815390768219
2024100815140775120
2024100815210781224
2024100815542024001
2024100815372024002
202410081554630909
202410081507630909
202410081534D053121
202410081531D053121
202410081519D055122
202410081528D056122
202410081529D057223
