2024100308260024192
2024100308240024192
2024100308580048192
2024100308500191196
2024100308350215196
2024100309000253197
2024100308290253197
2024100308400267197
2024100308360267197
2024100308410325100
2024100308360325100
2024100308390400105
2024100308500416206
2024100308460417206
2024100308510421029
2024100308550421160
2024100308450421163
2024100309000421165
2024100308430421165
2024100308390421167
2024100308350421167
2024100308340421167
2024100308260421183
2024100308550421186
2024100308520421186
2024100308410421195
2024100309020452107
2024100309010471207
2024100308050499108
2024100308520537110
2024100308470578112
2024100309040599212
2024100308450602113
2024100308260602113
2024100309030610113
2024100308510610113
2024100308130614113
2024100308520642114
2024100308220647114
2024100308120647114
2024100309030671115
2024100308250704116
2024100308230704116
2024100308380707116
2024100308190707116
2024100308210709216
2024100308550722116
2024100308550763119
2024100308050763119
2024100309040768219
2024100308530776221
2024100308270781224
2024100308210781224
202410030818630910
202410030902D053121
