2024100919190324001
2024100919180324001
2024100919170324001
2024100919160324001
2024100919150324001
2024100919150324001
2024100920010421029
2024100919370421135
2024100919590421160
2024100919400421160
2024100919240421160
2024100919160421160
2024100919150421160
2024100919140421160
2024100919140421160
2024100919140421160
2024100919310421162
2024100919270421162
2024100919140421162
2024100919120421162
2024100919120421162
2024100919110421162
2024100919100421162
2024100919510421163
2024100919470421163
2024100920020421186
2024100919410421186
2024100919480421193
2024100919210421193
2024100919160421193
2024100919160421193
2024100919150421193
2024100919150421193
2024100919080421195
2024100919400455107
2024100919270455107
2024100919050455107
2024100919530541110
2024100919500610113
2024100919490610113
2024100919170610113
2024100919550664115
2024100919540664115
2024100919480664115
2024100919410696115
2024100919150696115
2024100919200712116
2024100919280728117
2024100919320776221
2024100919592024002
2024100919432024002
2024100919412024002
2024100919402024002
2024100919062024005
202410091909D055122
202410091922D202409007
