2024100515480084194
2024100515480084194
2024100515410084194
2024100515350084194
2024100515290084194
2024100515270084194
2024100515260084194
2024100515150084194
2024100515050084194
2024100515500421160
2024100515450421160
2024100515340421160
2024100515330421160
2024100515470421163
2024100515280421183
2024100515330523001
2024100515490740117
2024100515490740117
2024100515440740117
2024100515290740117
2024100515290740117
2024100515260740117
2024100515240740117
2024100515230740117
2024100515230740117
2024100515230740117
2024100515220740117
2024100515220740117
2024100515210740117
2024100515140740117
2024100515130740117
2024100515060740117
2024100515052024005
202410051603630910
